TimeStamp,Latitude,Longitude,Altitude,PM25,RelativeHumidity,Temperature,vocIndex,noxIndex,ButtonPress,PressurehPa
02:04:06 30/01/0024,37.768814,-122.49318,41.400,3.1000,77.050,12.380,99.000,1.0000,0.0000,1015.1
02:04:06 30/01/0024,37.768814,-122.49318,41.400,3.1000,77.050,12.380,99.000,1.0000,0.0000,1015.1
02:04:22 30/01/0024,37.768562,-122.49406,41.400,3.4000,77.080,12.375,99.000,1.0000,0.0000,1014.9
02:04:22 30/01/0024,37.768562,-122.49406,41.400,3.4000,77.080,12.375,99.000,1.0000,0.0000,1014.9
02:04:23 30/01/0024,37.768547,-122.49411,41.400,3.6000,77.150,12.370,99.000,1.0000,0.0000,1015.0
02:04:23 30/01/0024,37.768547,-122.49411,41.400,3.6000,77.150,12.370,99.000,1.0000,0.0000,1015.0
02:04:25 30/01/0024,37.768517,-122.49422,41.500,3.7000,77.199,12.365,99.000,1.0000,0.0000,1015.0
02:04:25 30/01/0024,37.768517,-122.49422,41.500,3.7000,77.199,12.365,99.000,1.0000,0.0000,1015.0
02:04:26 30/01/0024,37.768497,-122.49428,41.799,3.8000,77.320,12.360,99.000,1.0000,0.0000,1014.9
02:04:26 30/01/0024,37.768497,-122.49428,41.799,3.8000,77.320,12.360,99.000,1.0000,0.0000,1014.9
02:04:28 30/01/0024,37.768467,-122.49438,42.400,3.8000,77.400,12.355,99.000,1.0000,0.0000,1014.9
02:04:28 30/01/0024,37.768467,-122.49438,42.400,3.8000,77.400,12.355,99.000,1.0000,0.0000,1014.9
02:04:30 30/01/0024,37.768433,-122.49449,42.799,3.9000,77.570,12.350,99.000,1.0000,0.0000,1014.9
02:04:30 30/01/0024,37.768433,-122.49449,42.799,3.9000,77.570,12.350,99.000,1.0000,0.0000,1014.9
02:04:31 30/01/0024,37.768410,-122.49455,43.200,4.0000,77.839,12.350,99.000,1.0000,0.0000,1014.9
02:04:31 30/01/0024,37.768410,-122.49455,43.200,4.0000,77.839,12.350,99.000,1.0000,0.0000,1014.9
02:04:33 30/01/0024,37.768372,-122.49466,43.200,3.9000,77.989,12.345,99.000,1.0000,0.0000,1014.9
02:04:33 30/01/0024,37.768372,-122.49466,43.200,3.9000,77.989,12.345,99.000,1.0000,0.0000,1014.9
02:04:34 30/01/0024,37.768356,-122.49472,43.000,3.9000,78.260,12.345,99.000,1.0000,0.0000,1014.9
02:04:34 30/01/0024,37.768356,-122.49472,43.000,3.9000,78.260,12.345,99.000,1.0000,0.0000,1014.9
02:04:36 30/01/0024,37.768311,-122.49483,42.700,3.8000,78.410,12.340,99.000,1.0000,0.0000,1014.9
02:04:36 30/01/0024,37.768311,-122.49483,42.700,3.8000,78.410,12.340,99.000,1.0000,0.0000,1014.9
02:04:38 30/01/0024,37.768242,-122.49493,42.400,3.7000,78.680,12.340,99.000,1.0000,0.0000,1014.9
02:04:38 30/01/0024,37.768242,-122.49493,42.400,3.7000,78.680,12.340,99.000,1.0000,0.0000,1014.9
02:04:39 30/01/0024,37.768200,-122.49497,42.099,3.7000,78.760,12.335,100.00,1.0000,0.0000,1014.9
02:04:39 30/01/0024,37.768200,-122.49497,42.099,3.7000,78.760,12.335,100.00,1.0000,0.0000,1014.9
02:04:41 30/01/0024,37.768101,-122.49506,41.599,3.8000,78.900,12.335,100.00,1.0000,0.0000,1014.9
02:04:41 30/01/0024,37.768101,-122.49506,41.599,3.8000,78.900,12.335,100.00,1.0000,0.0000,1014.9
02:04:42 30/01/0024,37.768055,-122.49511,41.299,3.8000,78.959,12.335,100.00,1.0000,0.0000,1014.9
02:04:42 30/01/0024,37.768055,-122.49511,41.299,3.8000,78.959,12.335,100.00,1.0000,0.0000,1014.9
02:04:44 30/01/0024,37.767941,-122.49517,41.200,3.8000,78.989,12.330,100.00,1.0000,0.0000,1014.9
02:04:44 30/01/0024,37.767941,-122.49517,41.200,3.8000,78.989,12.330,100.00,1.0000,0.0000,1014.9
02:04:46 30/01/0024,37.767815,-122.49520,40.900,4.0000,79.050,12.330,100.00,1.0000,0.0000,1014.9
02:04:46 30/01/0024,37.767815,-122.49520,40.900,4.0000,79.050,12.330,100.00,1.0000,0.0000,1014.9
02:04:47 30/01/0024,37.767754,-122.49520,40.799,4.0000,79.080,12.330,101.00,1.0000,0.0000,1014.9
02:04:47 30/01/0024,37.767754,-122.49520,40.799,4.0000,79.080,12.330,101.00,1.0000,0.0000,1014.9
02:04:49 30/01/0024,37.767620,-122.49520,40.500,4.2000,79.129,12.330,101.00,1.0000,0.0000,1014.8
02:04:49 30/01/0024,37.767620,-122.49520,40.500,4.2000,79.129,12.330,101.00,1.0000,0.0000,1014.8
02:04:50 30/01/0024,37.767555,-122.49519,40.500,4.3000,79.160,12.325,101.00,1.0000,0.0000,1014.9
02:04:50 30/01/0024,37.767555,-122.49519,40.500,4.3000,79.160,12.325,101.00,1.0000,0.0000,1014.9
02:04:52 30/01/0024,37.767422,-122.49517,40.099,4.3000,79.150,12.325,101.00,1.0000,0.0000,1014.8
02:04:52 30/01/0024,37.767422,-122.49517,40.099,4.3000,79.150,12.325,101.00,1.0000,0.0000,1014.8
02:04:53 30/01/0024,37.767353,-122.49514,39.599,4.3000,79.120,12.325,101.00,1.0000,0.0000,1014.8
02:04:53 30/01/0024,37.767353,-122.49514,39.599,4.3000,79.120,12.325,101.00,1.0000,0.0000,1014.8
02:04:55 30/01/0024,37.767235,-122.49505,39.299,4.3000,79.110,12.325,101.00,1.0000,0.0000,1014.9
02:04:55 30/01/0024,37.767235,-122.49505,39.299,4.3000,79.110,12.325,101.00,1.0000,0.0000,1014.9
02:04:57 30/01/0024,37.767128,-122.49492,38.099,4.1000,79.080,12.325,101.00,1.0000,0.0000,1014.8
02:04:57 30/01/0024,37.767128,-122.49492,38.099,4.1000,79.080,12.325,101.00,1.0000,0.0000,1014.8
02:04:58 30/01/0024,37.767082,-122.49485,37.500,4.1000,79.059,12.325,101.00,1.0000,0.0000,1014.9
02:04:58 30/01/0024,37.767082,-122.49485,37.500,4.1000,79.059,12.325,101.00,1.0000,0.0000,1014.9
02:05:00 30/01/0024,37.767029,-122.49469,37.500,4.0000,79.040,12.325,101.00,1.0000,0.0000,1014.8
02:05:00 30/01/0024,37.767029,-122.49469,37.500,4.0000,79.040,12.325,101.00,1.0000,0.0000,1014.8
02:05:01 30/01/0024,37.767002,-122.49460,37.200,3.9000,79.019,12.325,102.00,1.0000,0.0000,1014.9
02:05:01 30/01/0024,37.767002,-122.49460,37.200,3.9000,79.019,12.325,102.00,1.0000,0.0000,1014.9
02:05:03 30/01/0024,37.766975,-122.49441,36.900,3.8000,79.019,12.325,102.00,1.0000,0.0000,1014.9
02:05:03 30/01/0024,37.766975,-122.49441,36.900,3.8000,79.019,12.325,102.00,1.0000,0.0000,1014.9
02:05:05 30/01/0024,37.767002,-122.49422,37.500,3.8000,79.000,12.325,102.00,1.0000,0.0000,1014.9
02:05:05 30/01/0024,37.767002,-122.49422,37.500,3.8000,79.000,12.325,102.00,1.0000,0.0000,1014.9
02:05:06 30/01/0024,37.767025,-122.49413,38.000,3.7000,78.980,12.325,102.00,1.0000,0.0000,1014.8
02:05:06 30/01/0024,37.767025,-122.49413,38.000,3.7000,78.980,12.325,102.00,1.0000,0.0000,1014.8
02:05:08 30/01/0024,37.767067,-122.49395,38.299,3.7000,78.959,12.325,102.00,1.0000,0.0000,1014.9
02:05:08 30/01/0024,37.767067,-122.49395,38.299,3.7000,78.959,12.325,102.00,1.0000,0.0000,1014.9
02:05:09 30/01/0024,37.767094,-122.49386,38.299,3.7000,78.949,12.325,102.00,1.0000,0.0000,1014.8
02:05:09 30/01/0024,37.767094,-122.49386,38.299,3.7000,78.949,12.325,102.00,1.0000,0.0000,1014.8
02:05:11 30/01/0024,37.767151,-122.49366,38.200,3.6000,78.930,12.325,101.00,1.0000,0.0000,1014.8
02:05:11 30/01/0024,37.767151,-122.49366,38.200,3.6000,78.930,12.325,101.00,1.0000,0.0000,1014.8
02:05:13 30/01/0024,37.767208,-122.49347,38.200,3.6000,78.910,12.325,101.00,1.0000,0.0000,1014.9
02:05:13 30/01/0024,37.767208,-122.49347,38.200,3.6000,78.910,12.325,101.00,1.0000,0.0000,1014.9
02:05:14 30/01/0024,37.767235,-122.49338,38.200,3.6000,78.900,12.325,101.00,1.0000,0.0000,1014.9
02:05:14 30/01/0024,37.767235,-122.49338,38.200,3.6000,78.900,12.325,101.00,1.0000,0.0000,1014.9
02:05:16 30/01/0024,37.767296,-122.49318,38.099,3.5000,78.889,12.330,101.00,1.0000,0.0000,1014.8
02:05:16 30/01/0024,37.767296,-122.49318,38.099,3.5000,78.889,12.330,101.00,1.0000,0.0000,1014.8
02:05:17 30/01/0024,37.767326,-122.49309,38.099,3.4000,78.900,12.330,101.00,1.0000,0.0000,1014.9
02:05:17 30/01/0024,37.767326,-122.49309,38.099,3.4000,78.900,12.330,101.00,1.0000,0.0000,1014.9
02:05:19 30/01/0024,37.767387,-122.49290,38.099,3.3000,78.910,12.330,101.00,1.0000,0.0000,1014.8
02:05:19 30/01/0024,37.767387,-122.49290,38.099,3.3000,78.910,12.330,101.00,1.0000,0.0000,1014.8
02:05:21 30/01/0024,37.767448,-122.49269,38.099,3.1000,78.910,12.330,101.00,1.0000,0.0000,1014.9
02:05:21 30/01/0024,37.767448,-122.49269,38.099,3.1000,78.910,12.330,101.00,1.0000,0.0000,1014.9
02:05:22 30/01/0024,37.767487,-122.49260,38.200,3.0000,78.930,12.330,101.00,1.0000,0.0000,1014.8
02:05:22 30/01/0024,37.767487,-122.49260,38.200,3.0000,78.930,12.330,101.00,1.0000,0.0000,1014.8
02:05:24 30/01/0024,37.767548,-122.49240,38.299,2.8000,79.010,12.330,101.00,1.0000,0.0000,1014.9
02:05:24 30/01/0024,37.767548,-122.49240,38.299,2.8000,79.010,12.330,101.00,1.0000,0.0000,1014.9
02:05:25 30/01/0024,37.767574,-122.49230,38.200,2.8000,79.040,12.330,101.00,1.0000,0.0000,1014.8
02:05:25 30/01/0024,37.767574,-122.49230,38.200,2.8000,79.040,12.330,101.00,1.0000,0.0000,1014.8
02:05:27 30/01/0024,37.767628,-122.49209,38.099,2.7000,79.070,12.330,101.00,1.0000,0.0000,1014.8
02:05:27 30/01/0024,37.767628,-122.49209,38.099,2.7000,79.070,12.330,101.00,1.0000,0.0000,1014.8
02:05:28 30/01/0024,37.767658,-122.49199,38.000,2.6000,79.070,12.330,101.00,1.0000,0.0000,1014.8
02:05:28 30/01/0024,37.767658,-122.49199,38.000,2.6000,79.070,12.330,101.00,1.0000,0.0000,1014.8
02:05:30 30/01/0024,37.767715,-122.49179,38.000,2.6000,79.080,12.330,101.00,1.0000,0.0000,1014.8
02:05:30 30/01/0024,37.767715,-122.49179,38.000,2.6000,79.080,12.330,101.00,1.0000,0.0000,1014.8
02:05:32 30/01/0024,37.767780,-122.49160,37.799,2.6000,79.099,12.330,101.00,1.0000,0.0000,1014.8
02:05:32 30/01/0024,37.767780,-122.49160,37.799,2.6000,79.099,12.330,101.00,1.0000,0.0000,1014.8
02:05:33 30/01/0024,37.767811,-122.49149,37.700,2.7000,79.110,12.330,101.00,1.0000,0.0000,1014.8
02:05:33 30/01/0024,37.767811,-122.49149,37.700,2.7000,79.110,12.330,101.00,1.0000,0.0000,1014.8
02:05:35 30/01/0024,37.767879,-122.49128,37.700,2.6000,79.160,12.335,101.00,1.0000,0.0000,1014.8
02:05:35 30/01/0024,37.767879,-122.49128,37.700,2.6000,79.160,12.335,101.00,1.0000,0.0000,1014.8
02:05:36 30/01/0024,37.767910,-122.49118,37.700,2.6000,79.169,12.335,101.00,1.0000,0.0000,1014.8
02:05:36 30/01/0024,37.767910,-122.49118,37.700,2.6000,79.169,12.335,101.00,1.0000,0.0000,1014.8
02:05:38 30/01/0024,37.767967,-122.49098,37.500,2.6000,79.199,12.335,101.00,1.0000,0.0000,1014.8
02:05:38 30/01/0024,37.767967,-122.49098,37.500,2.6000,79.199,12.335,101.00,1.0000,0.0000,1014.8
02:05:40 30/01/0024,37.768032,-122.49079,37.799,2.6000,79.230,12.335,101.00,1.0000,0.0000,1014.8
02:05:40 30/01/0024,37.768032,-122.49079,37.799,2.6000,79.230,12.335,101.00,1.0000,0.0000,1014.8
02:05:41 30/01/0024,37.768066,-122.49070,38.099,2.6000,79.260,12.335,101.00,1.0000,0.0000,1014.7
02:05:41 30/01/0024,37.768066,-122.49070,38.099,2.6000,79.260,12.335,101.00,1.0000,0.0000,1014.7
02:05:43 30/01/0024,37.768169,-122.49054,38.400,2.6000,79.279,12.335,101.00,1.0000,0.0000,1014.9
02:05:43 30/01/0024,37.768169,-122.49054,38.400,2.6000,79.279,12.335,101.00,1.0000,0.0000,1014.9
02:05:44 30/01/0024,37.768234,-122.49047,38.599,2.6000,79.300,12.335,101.00,1.0000,0.0000,1014.8
02:05:44 30/01/0024,37.768234,-122.49047,38.599,2.6000,79.300,12.335,101.00,1.0000,0.0000,1014.8
02:05:46 30/01/0024,37.768375,-122.49037,38.799,2.6000,79.320,12.335,101.00,1.0000,0.0000,1014.8
02:05:46 30/01/0024,37.768375,-122.49037,38.799,2.6000,79.320,12.335,101.00,1.0000,0.0000,1014.8
02:05:48 30/01/0024,37.768532,-122.49030,39.500,2.6000,79.330,12.340,101.00,1.0000,0.0000,1014.8
02:05:48 30/01/0024,37.768532,-122.49030,39.500,2.6000,79.330,12.340,101.00,1.0000,0.0000,1014.8
02:05:49 30/01/0024,37.768612,-122.49030,39.599,2.6000,79.349,12.340,101.00,1.0000,0.0000,1014.8
02:05:49 30/01/0024,37.768612,-122.49030,39.599,2.6000,79.349,12.340,101.00,1.0000,0.0000,1014.8
02:05:51 30/01/0024,37.768768,-122.49031,40.299,2.5000,79.349,12.340,101.00,1.0000,0.0000,1014.7
02:05:51 30/01/0024,37.768768,-122.49031,40.299,2.5000,79.349,12.340,101.00,1.0000,0.0000,1014.7
02:05:52 30/01/0024,37.768852,-122.49034,40.500,2.5000,79.349,12.340,101.00,1.0000,0.0000,1014.7
02:05:52 30/01/0024,37.768852,-122.49034,40.500,2.5000,79.349,12.340,101.00,1.0000,0.0000,1014.7
02:05:54 30/01/0024,37.768997,-122.49041,40.700,2.6000,79.339,12.340,101.00,1.0000,0.0000,1014.7
02:05:54 30/01/0024,37.768997,-122.49041,40.700,2.6000,79.339,12.340,101.00,1.0000,0.0000,1014.7
02:05:56 30/01/0024,37.769119,-122.49053,40.700,2.6000,79.349,12.340,101.00,1.0000,0.0000,1014.7
02:05:56 30/01/0024,37.769119,-122.49053,40.700,2.6000,79.349,12.340,101.00,1.0000,0.0000,1014.7
02:05:57 30/01/0024,37.769173,-122.49060,40.700,2.7000,79.370,12.340,101.00,1.0000,0.0000,1014.8
02:05:57 30/01/0024,37.769173,-122.49060,40.700,2.7000,79.370,12.340,101.00,1.0000,0.0000,1014.8
02:05:59 30/01/0024,37.769272,-122.49077,41.299,2.7000,79.379,12.340,101.00,1.0000,0.0000,1014.7
02:05:59 30/01/0024,37.769272,-122.49077,41.299,2.7000,79.379,12.340,101.00,1.0000,0.0000,1014.7
02:06:00 30/01/0024,37.769302,-122.49086,41.599,2.7000,79.410,12.345,101.00,1.0000,0.0000,1014.8
02:06:00 30/01/0024,37.769302,-122.49086,41.599,2.7000,79.410,12.345,101.00,1.0000,0.0000,1014.8
02:06:02 30/01/0024,37.769333,-122.49104,42.200,2.6000,79.430,12.345,101.00,1.0000,0.0000,1014.8
02:06:02 30/01/0024,37.769333,-122.49104,42.200,2.6000,79.430,12.345,101.00,1.0000,0.0000,1014.8
02:06:03 30/01/0024,37.769333,-122.49115,42.099,2.6000,79.449,12.345,101.00,1.0000,0.0000,1014.7
02:06:03 30/01/0024,37.769333,-122.49115,42.099,2.6000,79.449,12.345,101.00,1.0000,0.0000,1014.7
02:06:05 30/01/0024,37.769314,-122.49134,41.799,2.6000,79.470,12.345,101.00,1.0000,0.0000,1014.9
02:06:05 30/01/0024,37.769314,-122.49134,41.799,2.6000,79.470,12.345,101.00,1.0000,0.0000,1014.9
02:06:07 30/01/0024,37.769264,-122.49153,41.700,2.6000,79.480,12.345,101.00,1.0000,0.0000,1014.8
02:06:07 30/01/0024,37.769264,-122.49153,41.700,2.6000,79.480,12.345,101.00,1.0000,0.0000,1014.8
02:06:08 30/01/0024,37.769238,-122.49162,41.799,2.7000,79.500,12.345,101.00,1.0000,0.0000,1014.8
02:06:08 30/01/0024,37.769238,-122.49162,41.799,2.7000,79.500,12.345,101.00,1.0000,0.0000,1014.8
02:06:10 30/01/0024,37.769184,-122.49179,41.900,2.7000,79.489,12.345,101.00,1.0000,0.0000,1014.8
02:06:10 30/01/0024,37.769184,-122.49179,41.900,2.7000,79.489,12.345,101.00,1.0000,0.0000,1014.8
02:06:11 30/01/0024,37.769157,-122.49190,41.799,2.8000,79.480,12.350,101.00,1.0000,0.0000,1014.9
02:06:11 30/01/0024,37.769157,-122.49190,41.799,2.8000,79.480,12.350,101.00,1.0000,0.0000,1014.9
02:06:13 30/01/0024,37.769112,-122.49209,42.500,3.0000,79.470,12.350,101.00,1.0000,0.0000,1014.9
02:06:13 30/01/0024,37.769112,-122.49209,42.500,3.0000,79.470,12.350,101.00,1.0000,0.0000,1014.9
02:06:15 30/01/0024,37.769054,-122.49227,42.900,3.1000,79.470,12.350,101.00,1.0000,0.0000,1014.8
02:06:15 30/01/0024,37.769054,-122.49227,42.900,3.1000,79.470,12.350,101.00,1.0000,0.0000,1014.8
02:06:16 30/01/0024,37.769032,-122.49236,43.099,3.3000,79.480,12.350,101.00,1.0000,0.0000,1015.0
02:06:16 30/01/0024,37.769032,-122.49236,43.099,3.3000,79.480,12.350,101.00,1.0000,0.0000,1015.0
02:06:18 30/01/0024,37.768974,-122.49254,43.400,3.4000,79.480,12.350,101.00,1.0000,0.0000,1014.9
02:06:18 30/01/0024,37.768974,-122.49254,43.400,3.4000,79.480,12.350,101.00,1.0000,0.0000,1014.9
02:06:19 30/01/0024,37.768955,-122.49263,43.500,3.5000,79.480,12.350,101.00,1.0000,0.0000,1014.9
02:06:19 30/01/0024,37.768955,-122.49263,43.500,3.5000,79.480,12.350,101.00,1.0000,0.0000,1014.9
02:06:21 30/01/0024,37.768902,-122.49281,42.900,3.5000,79.480,12.350,101.00,1.0000,0.0000,1014.9
02:06:21 30/01/0024,37.768902,-122.49281,42.900,3.5000,79.480,12.350,101.00,1.0000,0.0000,1014.9
02:06:23 30/01/0024,37.768852,-122.49300,43.000,3.6000,79.489,12.355,101.00,1.0000,0.0000,1014.9
02:06:23 30/01/0024,37.768852,-122.49300,43.000,3.6000,79.489,12.355,101.00,1.0000,0.0000,1014.9
02:06:24 30/01/0024,37.768822,-122.49309,43.000,3.6000,79.480,12.355,101.00,1.0000,0.0000,1014.8
02:06:24 30/01/0024,37.768822,-122.49309,43.000,3.6000,79.480,12.355,101.00,1.0000,0.0000,1014.8
02:06:26 30/01/0024,37.768772,-122.49327,42.900,3.6000,79.470,12.355,101.00,1.0000,0.0000,1014.9
02:06:26 30/01/0024,37.768772,-122.49327,42.900,3.6000,79.470,12.355,101.00,1.0000,0.0000,1014.9
02:06:27 30/01/0024,37.768742,-122.49336,42.900,3.6000,79.430,12.355,101.00,1.0000,0.0000,1014.9
02:06:27 30/01/0024,37.768742,-122.49336,42.900,3.6000,79.430,12.355,101.00,1.0000,0.0000,1014.9
02:06:29 30/01/0024,37.768681,-122.49354,42.900,3.6000,79.410,12.355,101.00,1.0000,0.0000,1014.8
02:06:29 30/01/0024,37.768681,-122.49354,42.900,3.6000,79.410,12.355,101.00,1.0000,0.0000,1014.8
02:06:30 30/01/0024,37.768650,-122.49362,42.900,3.6000,79.370,12.360,101.00,1.0000,0.0000,1014.9
02:06:30 30/01/0024,37.768650,-122.49362,42.900,3.6000,79.370,12.360,101.00,1.0000,0.0000,1014.9
02:06:32 30/01/0024,37.768597,-122.49382,43.299,3.5000,79.349,12.360,101.00,1.0000,0.0000,1014.9
02:06:32 30/01/0024,37.768597,-122.49382,43.299,3.5000,79.349,12.360,101.00,1.0000,0.0000,1014.9
02:06:34 30/01/0024,37.768539,-122.49401,43.700,3.4000,79.330,12.360,101.00,1.0000,0.0000,1014.9
02:06:34 30/01/0024,37.768539,-122.49401,43.700,3.4000,79.330,12.360,101.00,1.0000,0.0000,1014.9
02:06:35 30/01/0024,37.768517,-122.49411,43.900,3.4000,79.360,12.360,101.00,1.0000,0.0000,1014.9
02:06:35 30/01/0024,37.768517,-122.49411,43.900,3.4000,79.360,12.360,101.00,1.0000,0.0000,1014.9
02:06:37 30/01/0024,37.768467,-122.49430,44.500,3.4000,79.360,12.360,101.00,1.0000,0.0000,1014.8
02:06:37 30/01/0024,37.768467,-122.49430,44.500,3.4000,79.360,12.360,101.00,1.0000,0.0000,1014.8
02:06:38 30/01/0024,37.768440,-122.49440,44.700,3.3000,79.370,12.360,101.00,1.0000,0.0000,1014.9
02:06:38 30/01/0024,37.768440,-122.49440,44.700,3.3000,79.370,12.360,101.00,1.0000,0.0000,1014.9
02:06:40 30/01/0024,37.768379,-122.49459,44.900,3.3000,79.379,12.360,101.00,1.0000,0.0000,1014.8
02:06:40 30/01/0024,37.768379,-122.49459,44.900,3.3000,79.379,12.360,101.00,1.0000,0.0000,1014.8
02:06:42 30/01/0024,37.768303,-122.49478,44.799,3.4000,79.360,12.365,101.00,1.0000,0.0000,1014.8
02:06:42 30/01/0024,37.768303,-122.49478,44.799,3.4000,79.360,12.365,101.00,1.0000,0.0000,1014.8
02:06:43 30/01/0024,37.768257,-122.49485,44.799,3.4000,79.349,12.365,102.00,1.0000,0.0000,1014.9
02:06:43 30/01/0024,37.768257,-122.49485,44.799,3.4000,79.349,12.365,102.00,1.0000,0.0000,1014.9
02:06:45 30/01/0024,37.768139,-122.49501,44.599,3.4000,79.349,12.365,102.00,1.0000,0.0000,1014.8
02:06:45 30/01/0024,37.768139,-122.49501,44.599,3.4000,79.349,12.365,102.00,1.0000,0.0000,1014.8
02:06:46 30/01/0024,37.768070,-122.49506,44.599,3.4000,79.339,12.365,102.00,1.0000,0.0000,1014.9
02:06:46 30/01/0024,37.768070,-122.49506,44.599,3.4000,79.339,12.365,102.00,1.0000,0.0000,1014.9
02:06:48 30/01/0024,37.767914,-122.49517,44.200,3.4000,79.320,12.365,102.00,1.0000,0.0000,1014.9
02:06:48 30/01/0024,37.767914,-122.49517,44.200,3.4000,79.320,12.365,102.00,1.0000,0.0000,1014.9
02:06:50 30/01/0024,37.767750,-122.49521,43.799,3.5000,79.290,12.370,102.00,1.0000,0.0000,1014.8
02:06:50 30/01/0024,37.767750,-122.49521,43.799,3.5000,79.290,12.370,102.00,1.0000,0.0000,1014.8
02:06:51 30/01/0024,37.767662,-122.49521,43.500,3.5000,79.300,12.370,102.00,1.0000,0.0000,1014.8
02:06:51 30/01/0024,37.767662,-122.49521,43.500,3.5000,79.300,12.370,102.00,1.0000,0.0000,1014.8
02:06:53 30/01/0024,37.767487,-122.49519,42.599,3.6000,79.309,12.370,101.00,1.0000,0.0000,1014.8
02:06:53 30/01/0024,37.767487,-122.49519,42.599,3.6000,79.309,12.370,101.00,1.0000,0.0000,1014.8
02:06:54 30/01/0024,37.767406,-122.49517,41.900,3.7000,79.339,12.370,101.00,1.0000,0.0000,1014.8
02:06:54 30/01/0024,37.767406,-122.49517,41.900,3.7000,79.339,12.370,101.00,1.0000,0.0000,1014.8
02:06:56 30/01/0024,37.767262,-122.49506,40.500,3.8000,79.349,12.370,101.00,1.0000,0.0000,1014.8
02:06:56 30/01/0024,37.767262,-122.49506,40.500,3.8000,79.349,12.370,101.00,1.0000,0.0000,1014.8
02:06:58 30/01/0024,37.767136,-122.49493,38.700,3.9000,79.379,12.375,101.00,1.0000,0.0000,1014.9
02:06:58 30/01/0024,37.767136,-122.49493,38.700,3.9000,79.379,12.375,101.00,1.0000,0.0000,1014.9
02:06:59 30/01/0024,37.767086,-122.49485,38.599,3.9000,79.389,12.375,101.00,1.0000,0.0000,1014.9
02:06:59 30/01/0024,37.767086,-122.49485,38.599,3.9000,79.389,12.375,101.00,1.0000,0.0000,1014.9
02:07:01 30/01/0024,37.767014,-122.49468,38.799,4.0000,79.379,12.375,101.00,1.0000,0.0000,1014.9
02:07:01 30/01/0024,37.767014,-122.49468,38.799,4.0000,79.379,12.375,101.00,1.0000,0.0000,1014.9
02:07:02 30/01/0024,37.766998,-122.49457,39.299,4.2000,79.379,12.380,101.00,1.0000,0.0000,1014.9
02:07:02 30/01/0024,37.766998,-122.49457,39.299,4.2000,79.379,12.380,101.00,1.0000,0.0000,1014.9
02:07:04 30/01/0024,37.766983,-122.49437,38.900,4.3000,79.389,12.380,101.00,1.0000,0.0000,1014.9
02:07:04 30/01/0024,37.766983,-122.49437,38.900,4.3000,79.389,12.380,101.00,1.0000,0.0000,1014.9
02:07:05 30/01/0024,37.766987,-122.49428,38.799,4.4000,79.400,12.380,101.00,1.0000,0.0000,1014.8
02:07:05 30/01/0024,37.766987,-122.49428,38.799,4.4000,79.400,12.380,101.00,1.0000,0.0000,1014.8
02:07:07 30/01/0024,37.767017,-122.49409,38.700,4.4000,79.410,12.380,101.00,1.0000,0.0000,1014.9
02:07:07 30/01/0024,37.767017,-122.49409,38.700,4.4000,79.410,12.380,101.00,1.0000,0.0000,1014.9
02:07:09 30/01/0024,37.767067,-122.49390,38.099,4.4000,79.440,12.385,101.00,1.0000,0.0000,1014.9
02:07:09 30/01/0024,37.767067,-122.49390,38.099,4.4000,79.440,12.385,101.00,1.0000,0.0000,1014.9
02:07:10 30/01/0024,37.767094,-122.49381,38.099,4.3000,79.449,12.385,101.00,1.0000,0.0000,1014.9
02:07:10 30/01/0024,37.767094,-122.49381,38.099,4.3000,79.449,12.385,101.00,1.0000,0.0000,1014.9
02:07:12 30/01/0024,37.767155,-122.49362,38.000,4.2000,79.440,12.385,101.00,1.0000,0.0000,1014.9
02:07:12 30/01/0024,37.767155,-122.49362,38.000,4.2000,79.440,12.385,101.00,1.0000,0.0000,1014.9
02:07:13 30/01/0024,37.767189,-122.49353,38.000,4.0000,79.430,12.390,101.00,1.0000,0.0000,1014.9
02:07:13 30/01/0024,37.767189,-122.49353,38.000,4.0000,79.430,12.390,101.00,1.0000,0.0000,1014.9
02:07:15 30/01/0024,37.767239,-122.49334,37.799,3.9000,79.419,12.390,101.00,1.0000,0.0000,1014.9
02:07:15 30/01/0024,37.767239,-122.49334,37.799,3.9000,79.419,12.390,101.00,1.0000,0.0000,1014.9
02:07:17 30/01/0024,37.767292,-122.49315,37.700,3.7000,79.389,12.390,101.00,1.0000,0.0000,1015.0
02:07:17 30/01/0024,37.767292,-122.49315,37.700,3.7000,79.389,12.390,101.00,1.0000,0.0000,1015.0
02:07:18 30/01/0024,37.767323,-122.49307,37.700,3.6000,79.370,12.390,101.00,1.0000,0.0000,1014.9
02:07:18 30/01/0024,37.767323,-122.49307,37.700,3.6000,79.370,12.390,101.00,1.0000,0.0000,1014.9
02:07:20 30/01/0024,37.767372,-122.49287,37.599,3.5000,79.360,12.395,101.00,1.0000,0.0000,1014.9
02:07:20 30/01/0024,37.767372,-122.49287,37.599,3.5000,79.360,12.395,101.00,1.0000,0.0000,1014.9
02:07:21 30/01/0024,37.767403,-122.49279,37.900,3.5000,79.339,12.395,101.00,1.0000,0.0000,1015.0
02:07:21 30/01/0024,37.767403,-122.49279,37.900,3.5000,79.339,12.395,101.00,1.0000,0.0000,1015.0
02:07:23 30/01/0024,37.767456,-122.49260,38.000,3.4000,79.330,12.400,101.00,1.0000,0.0000,1014.9
02:07:23 30/01/0024,37.767456,-122.49260,38.000,3.4000,79.330,12.400,101.00,1.0000,0.0000,1014.9
02:07:25 30/01/0024,37.767509,-122.49243,38.099,3.4000,79.339,12.400,101.00,1.0000,0.0000,1015.0
02:07:25 30/01/0024,37.767509,-122.49243,38.099,3.4000,79.339,12.400,101.00,1.0000,0.0000,1015.0
02:07:26 30/01/0024,37.767544,-122.49234,38.900,3.4000,79.370,12.400,101.00,1.0000,0.0000,1014.9
02:07:26 30/01/0024,37.767544,-122.49234,38.900,3.4000,79.370,12.400,101.00,1.0000,0.0000,1014.9
02:07:28 30/01/0024,37.767601,-122.49217,39.500,3.3000,79.480,12.405,101.00,1.0000,0.0000,1014.9
02:07:28 30/01/0024,37.767601,-122.49217,39.500,3.3000,79.480,12.405,101.00,1.0000,0.0000,1014.9
02:07:29 30/01/0024,37.767624,-122.49208,39.700,3.3000,79.540,12.405,101.00,1.0000,0.0000,1015.0
02:07:29 30/01/0024,37.767624,-122.49208,39.700,3.3000,79.540,12.405,101.00,1.0000,0.0000,1015.0
02:07:31 30/01/0024,37.767673,-122.49190,39.500,3.4000,79.610,12.410,101.00,1.0000,0.0000,1014.9
02:07:31 30/01/0024,37.767673,-122.49190,39.500,3.4000,79.610,12.410,101.00,1.0000,0.0000,1014.9
02:07:33 30/01/0024,37.767723,-122.49173,39.200,3.3000,79.620,12.410,101.00,1.0000,0.0000,1014.9
02:07:33 30/01/0024,37.767723,-122.49173,39.200,3.3000,79.620,12.410,101.00,1.0000,0.0000,1014.9
02:07:34 30/01/0024,37.767754,-122.49164,39.200,3.3000,79.610,12.415,101.00,1.0000,0.0000,1014.9
02:07:34 30/01/0024,37.767754,-122.49164,39.200,3.3000,79.610,12.415,101.00,1.0000,0.0000,1014.9
02:07:36 30/01/0024,37.767799,-122.49147,39.400,3.2000,79.610,12.415,101.00,1.0000,0.0000,1014.9
02:07:36 30/01/0024,37.767799,-122.49147,39.400,3.2000,79.610,12.415,101.00,1.0000,0.0000,1014.9
02:07:37 30/01/0024,37.767822,-122.49136,39.400,3.2000,79.610,12.420,101.00,1.0000,0.0000,1014.9
02:07:37 30/01/0024,37.767822,-122.49136,39.400,3.2000,79.610,12.420,101.00,1.0000,0.0000,1014.9
02:07:39 30/01/0024,37.767876,-122.49118,39.200,3.1000,79.589,12.420,101.00,1.0000,0.0000,1014.9
02:07:39 30/01/0024,37.767876,-122.49118,39.200,3.1000,79.589,12.420,101.00,1.0000,0.0000,1014.9
02:07:40 30/01/0024,37.767902,-122.49108,38.900,3.1000,79.580,12.420,101.00,1.0000,0.0000,1014.8
02:07:40 30/01/0024,37.767902,-122.49108,38.900,3.1000,79.580,12.420,101.00,1.0000,0.0000,1014.8
02:07:42 30/01/0024,37.767971,-122.49090,38.900,3.0000,79.570,12.425,101.00,1.0000,0.0000,1014.9
02:07:42 30/01/0024,37.767971,-122.49090,38.900,3.0000,79.570,12.425,101.00,1.0000,0.0000,1014.9
02:07:44 30/01/0024,37.768036,-122.49072,38.900,3.0000,79.540,12.430,101.00,1.0000,0.0000,1014.9
02:07:44 30/01/0024,37.768036,-122.49072,38.900,3.0000,79.540,12.430,101.00,1.0000,0.0000,1014.9
02:07:45 30/01/0024,37.768078,-122.49064,38.900,3.0000,79.529,12.430,101.00,1.0000,0.0000,1014.9
02:07:45 30/01/0024,37.768078,-122.49064,38.900,3.0000,79.529,12.430,101.00,1.0000,0.0000,1014.9
02:07:47 30/01/0024,37.768177,-122.49049,38.799,3.0000,79.519,12.430,101.00,1.0000,0.0000,1014.9
02:07:47 30/01/0024,37.768177,-122.49049,38.799,3.0000,79.519,12.430,101.00,1.0000,0.0000,1014.9
02:07:48 30/01/0024,37.768234,-122.49044,38.700,3.0000,79.529,12.435,101.00,1.0000,0.0000,1014.9
02:07:48 30/01/0024,37.768234,-122.49044,38.700,3.0000,79.529,12.435,101.00,1.0000,0.0000,1014.9
02:07:50 30/01/0024,37.768341,-122.49037,39.200,3.1000,79.580,12.435,101.00,1.0000,0.0000,1014.8
02:07:50 30/01/0024,37.768341,-122.49037,39.200,3.1000,79.580,12.435,101.00,1.0000,0.0000,1014.8
02:07:52 30/01/0024,37.768471,-122.49030,39.299,3.1000,79.599,12.435,101.00,1.0000,0.0000,1014.9
02:07:52 30/01/0024,37.768471,-122.49030,39.299,3.1000,79.599,12.435,101.00,1.0000,0.0000,1014.9
02:07:53 30/01/0024,37.768536,-122.49028,39.299,3.1000,79.639,12.440,101.00,1.0000,0.0000,1014.8
02:07:53 30/01/0024,37.768536,-122.49028,39.299,3.1000,79.639,12.440,101.00,1.0000,0.0000,1014.8
02:07:55 30/01/0024,37.768665,-122.49026,39.500,3.0000,79.650,12.445,102.00,1.0000,0.0000,1014.8
02:07:55 30/01/0024,37.768665,-122.49026,39.500,3.0000,79.650,12.445,102.00,1.0000,0.0000,1014.8
02:07:56 30/01/0024,37.768738,-122.49026,39.900,3.0000,79.639,12.445,102.00,1.0000,0.0000,1014.8
02:07:56 30/01/0024,37.768738,-122.49026,39.900,3.0000,79.639,12.445,102.00,1.0000,0.0000,1014.8
02:07:58 30/01/0024,37.768860,-122.49028,40.299,3.0000,79.610,12.445,102.00,1.0000,0.0000,1014.8
02:07:58 30/01/0024,37.768860,-122.49028,40.299,3.0000,79.610,12.445,102.00,1.0000,0.0000,1014.8
02:08:00 30/01/0024,37.768978,-122.49034,41.500,3.0000,79.599,12.450,102.00,1.0000,0.0000,1014.8
02:08:00 30/01/0024,37.768978,-122.49034,41.500,3.0000,79.599,12.450,102.00,1.0000,0.0000,1014.8
02:08:01 30/01/0024,37.769039,-122.49037,41.700,3.0000,79.589,12.450,102.00,1.0000,0.0000,1014.9
02:08:01 30/01/0024,37.769039,-122.49037,41.700,3.0000,79.589,12.450,102.00,1.0000,0.0000,1014.9
02:08:03 30/01/0024,37.769150,-122.49047,41.900,3.0000,79.589,12.455,102.00,1.0000,0.0000,1014.9
02:08:03 30/01/0024,37.769150,-122.49047,41.900,3.0000,79.589,12.455,102.00,1.0000,0.0000,1014.9
02:08:04 30/01/0024,37.769192,-122.49053,42.000,3.1000,79.599,12.455,102.00,1.0000,0.0000,1014.8
02:08:04 30/01/0024,37.769192,-122.49053,42.000,3.1000,79.599,12.455,102.00,1.0000,0.0000,1014.8
02:08:06 30/01/0024,37.769276,-122.49070,43.299,3.2000,79.639,12.460,102.00,1.0000,0.0000,1014.9
02:08:06 30/01/0024,37.769276,-122.49070,43.299,3.2000,79.639,12.460,102.00,1.0000,0.0000,1014.9
02:08:07 30/01/0024,37.769310,-122.49077,43.599,3.1000,79.669,12.460,102.00,1.0000,0.0000,1014.8
02:08:07 30/01/0024,37.769310,-122.49077,43.599,3.1000,79.669,12.460,102.00,1.0000,0.0000,1014.8
02:08:09 30/01/0024,37.769348,-122.49094,43.400,3.1000,79.739,12.465,103.00,1.0000,0.0000,1014.8
02:08:09 30/01/0024,37.769348,-122.49094,43.400,3.1000,79.739,12.465,103.00,1.0000,0.0000,1014.8
02:08:11 30/01/0024,37.769363,-122.49112,43.799,3.0000,79.779,12.465,103.00,1.0000,0.0000,1014.8
02:08:11 30/01/0024,37.769363,-122.49112,43.799,3.0000,79.779,12.465,103.00,1.0000,0.0000,1014.8
02:08:12 30/01/0024,37.769356,-122.49121,44.000,2.9000,79.839,12.470,103.00,1.0000,0.0000,1014.9
02:08:12 30/01/0024,37.769356,-122.49121,44.000,2.9000,79.839,12.470,103.00,1.0000,0.0000,1014.9
02:08:14 30/01/0024,37.769321,-122.49139,44.200,2.9000,79.849,12.475,103.00,1.0000,0.0000,1014.9
02:08:14 30/01/0024,37.769321,-122.49139,44.200,2.9000,79.849,12.475,103.00,1.0000,0.0000,1014.9
02:08:15 30/01/0024,37.769295,-122.49147,44.400,2.8000,79.860,12.475,103.00,1.0000,0.0000,1014.9
02:08:15 30/01/0024,37.769295,-122.49147,44.400,2.8000,79.860,12.475,103.00,1.0000,0.0000,1014.9
02:08:17 30/01/0024,37.769241,-122.49166,44.000,2.7000,79.839,12.480,103.00,1.0000,0.0000,1014.9
02:08:17 30/01/0024,37.769241,-122.49166,44.000,2.7000,79.839,12.480,103.00,1.0000,0.0000,1014.9
02:08:19 30/01/0024,37.769188,-122.49182,43.900,2.7000,79.830,12.480,103.00,1.0000,0.0000,1014.9
02:08:19 30/01/0024,37.769188,-122.49182,43.900,2.7000,79.830,12.480,103.00,1.0000,0.0000,1014.9
02:08:20 30/01/0024,37.769154,-122.49192,43.799,2.7000,79.809,12.485,103.00,1.0000,0.0000,1014.9
02:08:20 30/01/0024,37.769154,-122.49192,43.799,2.7000,79.809,12.485,103.00,1.0000,0.0000,1014.9
02:08:22 30/01/0024,37.769100,-122.49209,43.599,2.7000,79.800,12.490,103.00,1.0000,0.0000,1014.8
02:08:22 30/01/0024,37.769100,-122.49209,43.599,2.7000,79.800,12.490,103.00,1.0000,0.0000,1014.8
02:08:23 30/01/0024,37.769073,-122.49219,43.599,2.7000,79.750,12.490,103.00,1.0000,0.0000,1014.9
02:08:23 30/01/0024,37.769073,-122.49219,43.599,2.7000,79.750,12.490,103.00,1.0000,0.0000,1014.9
02:08:25 30/01/0024,37.769020,-122.49239,43.599,2.7000,79.699,12.495,103.00,1.0000,0.0000,1014.9
02:08:25 30/01/0024,37.769020,-122.49239,43.599,2.7000,79.699,12.495,103.00,1.0000,0.0000,1014.9
02:08:27 30/01/0024,37.768970,-122.49258,43.700,2.7000,79.669,12.500,103.00,1.0000,0.0000,1014.9
02:08:27 30/01/0024,37.768970,-122.49258,43.700,2.7000,79.669,12.500,103.00,1.0000,0.0000,1014.9
02:08:28 30/01/0024,37.768940,-122.49267,43.700,2.8000,79.629,12.505,102.00,1.0000,0.0000,1015.0
02:08:28 30/01/0024,37.768940,-122.49267,43.700,2.8000,79.629,12.505,102.00,1.0000,0.0000,1015.0
02:08:30 30/01/0024,37.768883,-122.49286,43.900,2.8000,79.599,12.505,102.00,1.0000,0.0000,1015.0
02:08:30 30/01/0024,37.768883,-122.49286,43.900,2.8000,79.599,12.505,102.00,1.0000,0.0000,1015.0
02:08:31 30/01/0024,37.768856,-122.49295,43.900,2.8000,79.550,12.510,102.00,1.0000,0.0000,1014.9
02:08:31 30/01/0024,37.768856,-122.49295,43.900,2.8000,79.550,12.510,102.00,1.0000,0.0000,1014.9
02:08:33 30/01/0024,37.768795,-122.49314,44.400,2.9000,79.529,12.515,102.00,1.0000,0.0000,1014.9
02:08:33 30/01/0024,37.768795,-122.49314,44.400,2.9000,79.529,12.515,102.00,1.0000,0.0000,1014.9
02:08:35 30/01/0024,37.768738,-122.49334,45.000,3.0000,79.489,12.520,102.00,1.0000,0.0000,1014.9
02:08:35 30/01/0024,37.768738,-122.49334,45.000,3.0000,79.489,12.520,102.00,1.0000,0.0000,1014.9
02:08:36 30/01/0024,37.768715,-122.49343,44.900,3.0000,79.510,12.525,102.00,1.0000,0.0000,1014.9
02:08:36 30/01/0024,37.768715,-122.49343,44.900,3.0000,79.510,12.525,102.00,1.0000,0.0000,1014.9
02:08:38 30/01/0024,37.768661,-122.49362,44.200,3.1000,79.510,12.525,102.00,1.0000,0.0000,1015.0
02:08:38 30/01/0024,37.768661,-122.49362,44.200,3.1000,79.510,12.525,102.00,1.0000,0.0000,1015.0
02:08:39 30/01/0024,37.768635,-122.49372,43.900,3.2000,79.470,12.530,102.00,1.0000,0.0000,1014.9
02:08:39 30/01/0024,37.768635,-122.49372,43.900,3.2000,79.470,12.530,102.00,1.0000,0.0000,1014.9
02:08:41 30/01/0024,37.768574,-122.49390,43.700,3.2000,79.430,12.535,102.00,1.0000,0.0000,1014.9
02:08:41 30/01/0024,37.768574,-122.49390,43.700,3.2000,79.430,12.535,102.00,1.0000,0.0000,1014.9
02:08:42 30/01/0024,37.768543,-122.49400,42.299,3.3000,79.330,12.540,102.00,1.0000,0.0000,1014.9
02:08:42 30/01/0024,37.768543,-122.49400,42.299,3.3000,79.330,12.540,102.00,1.0000,0.0000,1014.9
02:08:44 30/01/0024,37.768490,-122.49419,42.400,3.4000,79.250,12.545,102.00,1.0000,0.0000,1014.9
02:08:44 30/01/0024,37.768490,-122.49419,42.400,3.4000,79.250,12.545,102.00,1.0000,0.0000,1014.9
02:08:46 30/01/0024,37.768440,-122.49438,42.500,3.4000,79.220,12.550,102.00,1.0000,0.0000,1014.9
02:08:46 30/01/0024,37.768440,-122.49438,42.500,3.4000,79.220,12.550,102.00,1.0000,0.0000,1014.9
02:08:47 30/01/0024,37.768414,-122.49447,42.799,3.5000,79.139,12.555,102.00,1.0000,0.0000,1014.9
02:08:47 30/01/0024,37.768414,-122.49447,42.799,3.5000,79.139,12.555,102.00,1.0000,0.0000,1014.9
02:08:49 30/01/0024,37.768353,-122.49465,43.000,3.5000,79.099,12.555,102.00,1.0000,0.0000,1015.0
02:08:49 30/01/0024,37.768353,-122.49465,43.000,3.5000,79.099,12.555,102.00,1.0000,0.0000,1015.0
02:08:50 30/01/0024,37.768318,-122.49474,43.400,3.7000,79.070,12.565,102.00,1.0000,0.0000,1014.9
02:08:50 30/01/0024,37.768318,-122.49474,43.400,3.7000,79.070,12.565,102.00,1.0000,0.0000,1014.9
02:08:52 30/01/0024,37.768223,-122.49489,43.799,3.7000,79.059,12.565,102.00,1.0000,0.0000,1014.9
02:08:52 30/01/0024,37.768223,-122.49489,43.799,3.7000,79.059,12.565,102.00,1.0000,0.0000,1014.9
02:08:54 30/01/0024,37.768116,-122.49502,43.900,3.8000,79.029,12.570,102.00,1.0000,0.0000,1014.9
02:08:54 30/01/0024,37.768116,-122.49502,43.900,3.8000,79.029,12.570,102.00,1.0000,0.0000,1014.9
02:08:55 30/01/0024,37.768055,-122.49509,43.599,3.9000,79.010,12.580,102.00,1.0000,0.0000,1015.0
02:08:55 30/01/0024,37.768055,-122.49509,43.599,3.9000,79.010,12.580,102.00,1.0000,0.0000,1015.0
02:08:57 30/01/0024,37.767921,-122.49517,43.099,3.9000,79.000,12.580,102.00,1.0000,0.0000,1014.9
02:08:57 30/01/0024,37.767921,-122.49517,43.099,3.9000,79.000,12.580,102.00,1.0000,0.0000,1014.9
02:08:58 30/01/0024,37.767849,-122.49520,42.900,3.9000,79.000,12.590,103.00,1.0000,0.0000,1014.9
02:08:58 30/01/0024,37.767849,-122.49520,42.900,3.9000,79.000,12.590,103.00,1.0000,0.0000,1014.9
02:09:00 30/01/0024,37.767700,-122.49523,42.099,3.9000,79.000,12.590,103.00,1.0000,0.0000,1014.9
02:09:00 30/01/0024,37.767700,-122.49523,42.099,3.9000,79.000,12.590,103.00,1.0000,0.0000,1014.9
02:09:02 30/01/0024,37.767551,-122.49521,41.299,3.9000,79.040,12.600,103.00,1.0000,0.0000,1014.9
02:09:02 30/01/0024,37.767551,-122.49521,41.299,3.9000,79.040,12.600,103.00,1.0000,0.0000,1014.9
02:09:03 30/01/0024,37.767479,-122.49520,40.799,3.9000,79.080,12.605,103.00,1.0000,0.0000,1015.0
02:09:03 30/01/0024,37.767479,-122.49520,40.799,3.9000,79.080,12.605,103.00,1.0000,0.0000,1015.0
02:09:05 30/01/0024,37.767338,-122.49514,39.700,3.9000,79.110,12.610,103.00,1.0000,0.0000,1014.9
02:09:05 30/01/0024,37.767338,-122.49514,39.700,3.9000,79.110,12.610,103.00,1.0000,0.0000,1014.9
02:09:06 30/01/0024,37.767273,-122.49509,39.200,3.9000,79.120,12.620,103.00,1.0000,0.0000,1014.9
02:09:06 30/01/0024,37.767273,-122.49509,39.200,3.9000,79.120,12.620,103.00,1.0000,0.0000,1014.9
02:09:08 30/01/0024,37.767147,-122.49496,38.200,3.9000,79.099,12.620,103.00,1.0000,0.0000,1015.0
02:09:08 30/01/0024,37.767147,-122.49496,38.200,3.9000,79.099,12.620,103.00,1.0000,0.0000,1015.0
02:09:10 30/01/0024,37.767056,-122.49479,37.599,3.8000,79.080,12.630,103.00,1.0000,0.0000,1015.0
02:09:10 30/01/0024,37.767056,-122.49479,37.599,3.8000,79.080,12.630,103.00,1.0000,0.0000,1015.0
02:09:11 30/01/0024,37.767021,-122.49470,37.400,3.8000,79.089,12.635,103.00,1.0000,0.0000,1014.9
02:09:11 30/01/0024,37.767021,-122.49470,37.400,3.8000,79.089,12.635,103.00,1.0000,0.0000,1014.9
02:09:13 30/01/0024,37.766987,-122.49449,37.000,3.8000,79.110,12.640,103.00,1.0000,0.0000,1015.0
02:09:13 30/01/0024,37.766987,-122.49449,37.000,3.8000,79.110,12.640,103.00,1.0000,0.0000,1015.0
02:09:14 30/01/0024,37.766983,-122.49438,36.500,3.7000,79.150,12.650,103.00,1.0000,0.0000,1015.0
02:09:14 30/01/0024,37.766983,-122.49438,36.500,3.7000,79.150,12.650,103.00,1.0000,0.0000,1015.0
02:09:16 30/01/0024,37.767010,-122.49417,36.099,3.7000,79.169,12.655,103.00,1.0000,0.0000,1015.0
02:09:16 30/01/0024,37.767010,-122.49417,36.099,3.7000,79.169,12.655,103.00,1.0000,0.0000,1015.0
02:09:18 30/01/0024,37.767063,-122.49398,35.799,3.6000,79.190,12.660,103.00,1.0000,0.0000,1015.0
02:09:18 30/01/0024,37.767063,-122.49398,35.799,3.6000,79.190,12.660,103.00,1.0000,0.0000,1015.0
02:09:19 30/01/0024,37.767101,-122.49387,36.400,3.5000,79.199,12.665,103.00,1.0000,0.0000,1015.0
02:09:19 30/01/0024,37.767101,-122.49387,36.400,3.5000,79.199,12.665,103.00,1.0000,0.0000,1015.0
02:09:21 30/01/0024,37.767170,-122.49366,37.799,3.4000,79.169,12.675,103.00,1.0000,0.0000,1015.0
02:09:21 30/01/0024,37.767170,-122.49366,37.799,3.4000,79.169,12.675,103.00,1.0000,0.0000,1015.0
02:09:22 30/01/0024,37.767204,-122.49356,37.900,3.4000,79.150,12.680,103.00,1.0000,0.0000,1015.0
02:09:22 30/01/0024,37.767204,-122.49356,37.900,3.4000,79.150,12.680,103.00,1.0000,0.0000,1015.0
02:09:24 30/01/0024,37.767265,-122.49336,38.000,3.4000,79.080,12.690,103.00,1.0000,0.0000,1015.0
02:09:24 30/01/0024,37.767265,-122.49336,38.000,3.4000,79.080,12.690,103.00,1.0000,0.0000,1015.0
02:09:26 30/01/0024,37.767326,-122.49314,38.500,3.4000,79.000,12.700,103.00,1.0000,0.0000,1015.0
02:09:26 30/01/0024,37.767326,-122.49314,38.500,3.4000,79.000,12.700,103.00,1.0000,0.0000,1015.0
02:09:27 30/01/0024,37.767357,-122.49304,38.700,3.4000,78.970,12.705,103.00,1.0000,0.0000,1015.0
02:09:27 30/01/0024,37.767357,-122.49304,38.700,3.4000,78.970,12.705,103.00,1.0000,0.0000,1015.0
02:09:29 30/01/0024,37.767414,-122.49283,38.700,3.4000,78.889,12.715,103.00,1.0000,0.0000,1015.0
02:09:29 30/01/0024,37.767414,-122.49283,38.700,3.4000,78.889,12.715,103.00,1.0000,0.0000,1015.0
02:09:30 30/01/0024,37.767445,-122.49273,38.700,3.4000,78.860,12.720,103.00,1.0000,0.0000,1015.0
02:09:30 30/01/0024,37.767445,-122.49273,38.700,3.4000,78.860,12.720,103.00,1.0000,0.0000,1015.0
02:09:32 30/01/0024,37.767506,-122.49251,39.000,3.4000,78.800,12.730,103.00,1.0000,0.0000,1015.0
02:09:32 30/01/0024,37.767506,-122.49251,39.000,3.4000,78.800,12.730,103.00,1.0000,0.0000,1015.0
02:09:33 30/01/0024,37.767532,-122.49243,39.099,3.4000,78.750,12.740,103.00,1.0000,0.0000,1015.0
02:09:33 30/01/0024,37.767532,-122.49243,39.099,3.4000,78.750,12.740,103.00,1.0000,0.0000,1015.0
02:09:35 30/01/0024,37.767597,-122.49222,38.900,3.4000,78.730,12.745,103.00,1.0000,0.0000,1015.0
02:09:35 30/01/0024,37.767597,-122.49222,38.900,3.4000,78.730,12.745,103.00,1.0000,0.0000,1015.0
02:09:37 30/01/0024,37.767662,-122.49202,39.000,3.5000,78.690,12.760,103.00,1.0000,0.0000,1015.0
02:09:37 30/01/0024,37.767662,-122.49202,39.000,3.5000,78.690,12.760,103.00,1.0000,0.0000,1015.0
02:09:38 30/01/0024,37.767696,-122.49192,39.200,3.5000,78.669,12.765,103.00,1.0000,0.0000,1015.0
02:09:38 30/01/0024,37.767696,-122.49192,39.200,3.5000,78.669,12.765,103.00,1.0000,0.0000,1015.0
02:09:40 30/01/0024,37.767761,-122.49171,39.099,3.5000,78.620,12.775,103.00,1.0000,0.0000,1015.0
02:09:40 30/01/0024,37.767761,-122.49171,39.099,3.5000,78.620,12.775,103.00,1.0000,0.0000,1015.0
02:09:41 30/01/0024,37.767788,-122.49162,39.099,3.5000,78.599,12.780,103.00,1.0000,0.0000,1015.0
02:09:41 30/01/0024,37.767788,-122.49162,39.099,3.5000,78.599,12.780,103.00,1.0000,0.0000,1015.0
02:09:43 30/01/0024,37.767845,-122.49141,39.200,3.5000,78.550,12.795,103.00,1.0000,0.0000,1015.0
02:09:43 30/01/0024,37.767845,-122.49141,39.200,3.5000,78.550,12.795,103.00,1.0000,0.0000,1015.0
02:09:45 30/01/0024,37.767914,-122.49120,39.599,3.4000,78.470,12.805,103.00,1.0000,0.0000,1015.0
02:09:45 30/01/0024,37.767914,-122.49120,39.599,3.4000,78.470,12.805,103.00,1.0000,0.0000,1015.0
02:09:46 30/01/0024,37.767944,-122.49109,39.700,3.4000,78.440,12.815,103.00,1.0000,0.0000,1015.0
02:09:46 30/01/0024,37.767944,-122.49109,39.700,3.4000,78.440,12.815,103.00,1.0000,0.0000,1015.0
02:09:48 30/01/0024,37.768013,-122.49089,39.900,3.3000,78.349,12.825,103.00,1.0000,0.0000,1014.9
02:09:48 30/01/0024,37.768013,-122.49089,39.900,3.3000,78.349,12.825,103.00,1.0000,0.0000,1014.9
02:09:49 30/01/0024,37.768044,-122.49080,40.099,3.2000,78.320,12.830,103.00,1.0000,0.0000,1014.9
02:09:49 30/01/0024,37.768044,-122.49080,40.099,3.2000,78.320,12.830,103.00,1.0000,0.0000,1014.9
02:09:51 30/01/0024,37.768108,-122.49063,40.400,3.2000,78.220,12.845,103.00,1.0000,0.0000,1014.9
02:09:51 30/01/0024,37.768108,-122.49063,40.400,3.2000,78.220,12.845,103.00,1.0000,0.0000,1014.9
02:09:53 30/01/0024,37.768192,-122.49050,40.599,3.1000,78.080,12.860,103.00,1.0000,0.0000,1015.0
02:09:53 30/01/0024,37.768192,-122.49050,40.599,3.1000,78.080,12.860,103.00,1.0000,0.0000,1015.0
02:09:54 30/01/0024,37.768242,-122.49045,40.799,3.1000,78.029,12.865,103.00,1.0000,0.0000,1015.0
02:09:54 30/01/0024,37.768242,-122.49045,40.799,3.1000,78.029,12.865,103.00,1.0000,0.0000,1015.0
02:09:56 30/01/0024,37.768368,-122.49037,40.799,3.0000,77.889,12.880,103.00,1.0000,0.0000,1015.0
02:09:56 30/01/0024,37.768368,-122.49037,40.799,3.0000,77.889,12.880,103.00,1.0000,0.0000,1015.0
02:09:57 30/01/0024,37.768444,-122.49032,40.400,3.0000,77.820,12.885,103.00,1.0000,0.0000,1014.9
02:09:57 30/01/0024,37.768444,-122.49032,40.400,3.0000,77.820,12.885,103.00,1.0000,0.0000,1014.9
02:09:59 30/01/0024,37.768604,-122.49028,40.299,3.1000,77.680,12.900,103.00,1.0000,0.0000,1014.9
02:09:59 30/01/0024,37.768604,-122.49028,40.299,3.1000,77.680,12.900,103.00,1.0000,0.0000,1014.9
02:10:01 30/01/0024,37.768753,-122.49030,40.700,3.1000,77.620,12.910,103.00,1.0000,0.0000,1015.0
02:10:01 30/01/0024,37.768753,-122.49030,40.700,3.1000,77.620,12.910,103.00,1.0000,0.0000,1015.0
02:10:02 30/01/0024,37.768826,-122.49032,40.700,3.2000,77.529,12.925,103.00,1.0000,0.0000,1014.9
02:10:02 30/01/0024,37.768826,-122.49032,40.700,3.2000,77.529,12.925,103.00,1.0000,0.0000,1014.9
02:10:04 30/01/0024,37.768970,-122.49039,41.299,3.3000,77.480,12.935,103.00,1.0000,0.0000,1015.0
02:10:04 30/01/0024,37.768970,-122.49039,41.299,3.3000,77.480,12.935,103.00,1.0000,0.0000,1015.0
02:10:05 30/01/0024,37.769039,-122.49044,41.700,3.4000,77.459,12.945,103.00,1.0000,0.0000,1014.9
02:10:05 30/01/0024,37.769039,-122.49044,41.700,3.4000,77.459,12.945,103.00,1.0000,0.0000,1014.9
02:10:07 30/01/0024,37.769157,-122.49058,42.000,3.5000,77.440,12.960,103.00,1.0000,0.0000,1015.0
02:10:07 30/01/0024,37.769157,-122.49058,42.000,3.5000,77.440,12.960,103.00,1.0000,0.0000,1015.0
02:10:09 30/01/0024,37.769249,-122.49075,42.299,3.5000,77.430,12.965,103.00,1.0000,0.0000,1015.0
02:10:09 30/01/0024,37.769249,-122.49075,42.299,3.5000,77.430,12.965,103.00,1.0000,0.0000,1015.0
02:10:10 30/01/0024,37.769291,-122.49084,42.400,3.6000,77.410,12.985,103.00,1.0000,0.0000,1015.0
02:10:10 30/01/0024,37.769291,-122.49084,42.400,3.6000,77.410,12.985,103.00,1.0000,0.0000,1015.0
02:10:12 30/01/0024,37.769337,-122.49104,42.900,3.6000,77.389,13.000,103.00,1.0000,0.0000,1014.9
02:10:12 30/01/0024,37.769337,-122.49104,42.900,3.6000,77.389,13.000,103.00,1.0000,0.0000,1014.9
02:10:13 30/01/0024,37.769352,-122.49116,43.099,3.6000,77.379,13.005,103.00,1.0000,0.0000,1015.0
02:10:13 30/01/0024,37.769352,-122.49116,43.099,3.6000,77.379,13.005,103.00,1.0000,0.0000,1015.0
02:10:15 30/01/0024,37.769333,-122.49136,43.400,3.6000,77.360,13.020,103.00,1.0000,0.0000,1015.0
02:10:15 30/01/0024,37.769333,-122.49136,43.400,3.6000,77.360,13.020,103.00,1.0000,0.0000,1015.0
02:10:17 30/01/0024,37.769279,-122.49156,43.299,3.6000,77.360,13.030,103.00,1.0000,0.0000,1015.0
02:10:17 30/01/0024,37.769279,-122.49156,43.299,3.6000,77.360,13.030,103.00,1.0000,0.0000,1015.0
02:10:18 30/01/0024,37.769249,-122.49164,43.099,3.7000,77.349,13.045,103.00,1.0000,0.0000,1015.0
02:10:18 30/01/0024,37.769249,-122.49164,43.099,3.7000,77.349,13.045,103.00,1.0000,0.0000,1015.0
02:10:20 30/01/0024,37.769196,-122.49182,42.799,3.7000,77.349,13.055,103.00,1.0000,0.0000,1015.0
02:10:20 30/01/0024,37.769196,-122.49182,42.799,3.7000,77.349,13.055,103.00,1.0000,0.0000,1015.0
02:10:21 30/01/0024,37.769173,-122.49192,43.000,3.7000,77.309,13.070,103.00,1.0000,0.0000,1015.0
02:10:21 30/01/0024,37.769173,-122.49192,43.000,3.7000,77.309,13.070,103.00,1.0000,0.0000,1015.0
02:10:23 30/01/0024,37.769115,-122.49208,43.000,3.8000,77.269,13.085,104.00,1.0000,0.0000,1015.1
02:10:23 30/01/0024,37.769115,-122.49208,43.000,3.8000,77.269,13.085,104.00,1.0000,0.0000,1015.1
02:10:24 30/01/0024,37.769093,-122.49215,43.299,3.8000,77.239,13.095,104.00,1.0000,0.0000,1015.0
02:10:24 30/01/0024,37.769093,-122.49215,43.299,3.8000,77.239,13.095,104.00,1.0000,0.0000,1015.0
02:10:26 30/01/0024,37.769039,-122.49232,43.200,3.8000,77.190,13.110,104.00,1.0000,0.0000,1015.0
02:10:26 30/01/0024,37.769039,-122.49232,43.200,3.8000,77.190,13.110,104.00,1.0000,0.0000,1015.0
02:10:28 30/01/0024,37.768990,-122.49249,43.299,3.8000,77.150,13.120,104.00,1.0000,0.0000,1015.1
02:10:28 30/01/0024,37.768990,-122.49249,43.299,3.8000,77.150,13.120,104.00,1.0000,0.0000,1015.1
02:10:29 30/01/0024,37.768963,-122.49258,43.299,3.7000,77.059,13.135,104.00,1.0000,0.0000,1015.0
02:10:29 30/01/0024,37.768963,-122.49258,43.299,3.7000,77.059,13.135,104.00,1.0000,0.0000,1015.0
02:10:31 30/01/0024,37.768909,-122.49273,43.799,3.6000,76.949,13.150,104.00,1.0000,0.0000,1015.1
02:10:31 30/01/0024,37.768909,-122.49273,43.799,3.6000,76.949,13.150,104.00,1.0000,0.0000,1015.1
02:10:32 30/01/0024,37.768883,-122.49282,44.099,3.6000,76.900,13.160,104.00,1.0000,0.0000,1015.1
02:10:32 30/01/0024,37.768883,-122.49282,44.099,3.6000,76.900,13.160,104.00,1.0000,0.0000,1015.1
02:10:34 30/01/0024,37.768837,-122.49298,44.299,3.5000,76.790,13.175,104.00,1.0000,0.0000,1015.1
02:10:34 30/01/0024,37.768837,-122.49298,44.299,3.5000,76.790,13.175,104.00,1.0000,0.0000,1015.1
02:10:36 30/01/0024,37.768795,-122.49313,44.700,3.5000,76.750,13.180,104.00,1.0000,0.0000,1015.1
02:10:36 30/01/0024,37.768795,-122.49313,44.700,3.5000,76.750,13.180,104.00,1.0000,0.0000,1015.1
02:10:37 30/01/0024,37.768776,-122.49321,44.900,3.5000,76.709,13.200,104.00,1.0000,0.0000,1015.1
02:10:37 30/01/0024,37.768776,-122.49321,44.900,3.5000,76.709,13.200,104.00,1.0000,0.0000,1015.1
02:10:39 30/01/0024,37.768738,-122.49334,45.299,3.5000,76.690,13.205,104.00,1.0000,0.0000,1015.2
02:10:39 30/01/0024,37.768738,-122.49334,45.299,3.5000,76.690,13.205,104.00,1.0000,0.0000,1015.2
02:10:40 30/01/0024,37.768723,-122.49341,45.599,3.5000,76.660,13.220,104.00,1.0000,0.0000,1015.1
02:10:40 30/01/0024,37.768723,-122.49341,45.599,3.5000,76.660,13.220,104.00,1.0000,0.0000,1015.1
02:10:42 30/01/0024,37.768681,-122.49354,45.400,3.5000,76.620,13.240,104.00,1.0000,0.0000,1015.2
02:10:42 30/01/0024,37.768681,-122.49354,45.400,3.5000,76.620,13.240,104.00,1.0000,0.0000,1015.2
02:10:44 30/01/0024,37.768646,-122.49366,45.599,3.6000,76.589,13.245,104.00,1.0000,0.0000,1015.1
02:10:44 30/01/0024,37.768646,-122.49366,45.599,3.6000,76.589,13.245,104.00,1.0000,0.0000,1015.1
02:10:45 30/01/0024,37.768627,-122.49374,45.400,3.8000,76.519,13.260,104.00,1.0000,0.0000,1015.1
02:10:45 30/01/0024,37.768627,-122.49374,45.400,3.8000,76.519,13.260,104.00,1.0000,0.0000,1015.1
02:10:47 30/01/0024,37.768593,-122.49388,45.200,3.8000,76.500,13.270,104.00,1.0000,0.0000,1015.2
02:10:47 30/01/0024,37.768593,-122.49388,45.200,3.8000,76.500,13.270,104.00,1.0000,0.0000,1015.2
02:10:48 30/01/0024,37.768578,-122.49395,45.099,3.9000,76.500,13.285,104.00,1.0000,0.0000,1015.1
02:10:48 30/01/0024,37.768578,-122.49395,45.099,3.9000,76.500,13.285,104.00,1.0000,0.0000,1015.1
02:10:50 30/01/0024,37.768539,-122.49406,45.799,3.9000,76.470,13.300,104.00,1.0000,0.0000,1015.2
02:10:50 30/01/0024,37.768539,-122.49406,45.799,3.9000,76.470,13.300,104.00,1.0000,0.0000,1015.2
02:10:52 30/01/0024,37.768501,-122.49417,45.900,3.9000,76.459,13.310,104.00,1.0000,0.0000,1015.2
02:10:52 30/01/0024,37.768501,-122.49417,45.900,3.9000,76.459,13.310,104.00,1.0000,0.0000,1015.2
02:10:53 30/01/0024,37.768486,-122.49422,45.799,3.9000,76.410,13.325,104.00,1.0000,0.0000,1015.2
02:10:53 30/01/0024,37.768486,-122.49422,45.799,3.9000,76.410,13.325,104.00,1.0000,0.0000,1015.2
02:10:55 30/01/0024,37.768459,-122.49430,46.000,3.9000,76.400,13.335,104.00,1.0000,0.0000,1015.2
02:10:55 30/01/0024,37.768459,-122.49430,46.000,3.9000,76.400,13.335,104.00,1.0000,0.0000,1015.2
02:10:56 30/01/0024,37.768452,-122.49434,46.299,3.8000,76.389,13.350,104.00,1.0000,0.0000,1015.2
02:10:56 30/01/0024,37.768452,-122.49434,46.299,3.8000,76.389,13.350,104.00,1.0000,0.0000,1015.2
02:10:58 30/01/0024,37.768433,-122.49443,46.799,3.8000,76.410,13.355,104.00,1.0000,0.0000,1015.3
02:10:58 30/01/0024,37.768433,-122.49443,46.799,3.8000,76.410,13.355,104.00,1.0000,0.0000,1015.3
02:11:00 30/01/0024,37.768402,-122.49455,46.500,3.6000,76.529,13.370,104.00,1.0000,0.0000,1015.3
02:11:00 30/01/0024,37.768402,-122.49455,46.500,3.6000,76.529,13.370,104.00,1.0000,0.0000,1015.3
