TimeStamp,Latitude,Longitude,Altitude,PM25,RelativeHumidity,Temperature,vocIndex,noxIndex,ButtonPress,PressurehPa
16:07:32 08/02/0024,37.768890,-122.49305,43.200,322.89,90.529,4.4700,100.00,1.0000,0.0000,1012.2
16:07:45 08/02/0024,37.768871,-122.49311,43.200,114.19,90.570,4.4750,100.00,1.0000,0.0000,1012.2
16:07:47 08/02/0024,37.768852,-122.49317,43.200,66.300,90.580,4.4750,100.00,1.0000,0.0000,1012.2
16:07:48 08/02/0024,37.768841,-122.49319,43.200,22.900,90.580,4.4750,100.00,1.0000,0.0000,1012.2
16:07:50 08/02/0024,37.768818,-122.49328,43.099,13.700,90.580,4.4800,100.00,1.0000,0.0000,1012.2
16:07:51 08/02/0024,37.768803,-122.49334,43.099,6.3000,90.559,4.4800,100.00,1.0000,0.0000,1012.3
16:07:53 08/02/0024,37.768768,-122.49345,43.000,4.1000,90.510,4.4850,100.00,1.0000,0.0000,1012.2
16:07:55 08/02/0024,37.768730,-122.49358,42.799,3.3000,90.480,4.4850,100.00,1.0000,0.0000,1012.2
16:07:56 08/02/0024,37.768707,-122.49366,42.700,9.5000,90.410,4.4850,100.00,1.0000,0.0000,1012.2
16:07:58 08/02/0024,37.768665,-122.49379,42.599,8.8000,90.389,4.4900,100.00,1.0000,0.0000,1012.2
16:07:59 08/02/0024,37.768642,-122.49387,43.099,7.6000,90.360,4.4950,100.00,1.0000,0.0000,1012.3
16:08:01 08/02/0024,37.768600,-122.49401,43.200,6.9000,90.349,4.4950,100.00,1.0000,0.0000,1012.2
16:08:03 08/02/0024,37.768559,-122.49417,43.500,7.1000,90.339,4.5000,100.00,1.0000,0.0000,1012.2
16:08:04 08/02/0024,37.768536,-122.49426,43.500,6.9000,90.330,4.5000,100.00,1.0000,0.0000,1012.2
16:08:06 08/02/0024,37.768494,-122.49442,43.400,6.9000,90.309,4.5050,100.00,1.0000,0.0000,1012.2
16:08:07 08/02/0024,37.768471,-122.49451,43.500,6.8000,90.290,4.5050,99.000,1.0000,0.0000,1012.2
16:08:09 08/02/0024,37.768414,-122.49468,43.599,6.7000,90.269,4.5100,99.000,1.0000,0.0000,1012.2
16:08:11 08/02/0024,37.768353,-122.49485,44.000,6.5000,90.239,4.5100,99.000,1.0000,0.0000,1012.2
16:08:12 08/02/0024,37.768311,-122.49492,44.099,6.2000,90.239,4.5150,99.000,1.0000,0.0000,1012.2
16:08:14 08/02/0024,37.768204,-122.49505,44.099,66.099,90.250,4.5150,99.000,1.0000,0.0000,1012.2
16:08:15 08/02/0024,37.768143,-122.49511,44.500,793.09,90.290,4.5200,99.000,1.0000,0.0000,1012.2
16:08:17 08/02/0024,37.768021,-122.49521,44.799,879.59,90.309,4.5200,99.000,1.0000,0.0000,1012.2
16:08:19 08/02/0024,37.767891,-122.49527,45.099,499.70,90.360,4.5250,99.000,1.0000,0.0000,1012.2
16:08:20 08/02/0024,37.767822,-122.49528,45.099,190.19,90.449,4.5250,99.000,1.0000,0.0000,1012.2
16:08:22 08/02/0024,37.767685,-122.49528,45.500,110.90,90.500,4.5250,99.000,1.0000,0.0000,1012.2
16:08:23 08/02/0024,37.767620,-122.49525,46.200,36.299,90.599,4.5300,99.000,1.0000,0.0000,1012.2
16:08:25 08/02/0024,37.767483,-122.49520,47.099,21.700,90.660,4.5300,99.000,1.0000,0.0000,1012.2
16:08:27 08/02/0024,37.767353,-122.49513,47.799,8.6000,90.750,4.5300,99.000,1.0000,0.0000,1012.2
16:08:28 08/02/0024,37.767292,-122.49506,48.200,5.7000,90.800,4.5350,99.000,1.0000,0.0000,1012.2
16:08:30 08/02/0024,37.767193,-122.49491,48.700,3.5000,90.879,4.5350,98.000,1.0000,0.0000,1012.2
16:08:31 08/02/0024,37.767147,-122.49483,48.799,3.6000,90.900,4.5350,98.000,1.0000,0.0000,1012.2
16:08:33 08/02/0024,37.767082,-122.49466,48.299,2.7000,90.930,4.5350,98.000,1.0000,0.0000,1012.2
16:08:35 08/02/0024,37.767048,-122.49447,47.799,2.8000,90.910,4.5400,98.000,1.0000,0.0000,1012.2
16:08:36 08/02/0024,37.767044,-122.49437,47.400,3.2000,90.879,4.5400,98.000,1.0000,0.0000,1012.2
16:08:38 08/02/0024,37.767048,-122.49419,46.400,2.7000,90.769,4.5400,98.000,1.0000,0.0000,1012.2
16:08:39 08/02/0024,37.767067,-122.49409,46.299,2.5000,90.580,4.5400,98.000,1.0000,0.0000,1012.2
16:08:41 08/02/0024,37.767120,-122.49391,46.099,2.5000,90.449,4.5400,98.000,1.0000,0.0000,1012.2
16:08:43 08/02/0024,37.767174,-122.49373,46.200,2.4000,90.139,4.5400,97.000,1.0000,0.0000,1012.2
16:08:44 08/02/0024,37.767204,-122.49364,46.299,2.4000,89.970,4.5400,97.000,1.0000,0.0000,1012.2
16:08:46 08/02/0024,37.767250,-122.49346,46.500,2.3000,89.580,4.5450,97.000,1.0000,0.0000,1012.2
16:08:47 08/02/0024,37.767281,-122.49336,46.099,2.2000,89.110,4.5450,97.000,1.0000,0.0000,1012.3
16:08:49 08/02/0024,37.767342,-122.49317,45.900,2.1000,88.860,4.5450,97.000,1.0000,0.0000,1012.2
16:08:51 08/02/0024,37.767395,-122.49298,45.900,2.0000,88.339,4.5450,97.000,1.0000,0.0000,1012.2
16:08:52 08/02/0024,37.767422,-122.49290,45.900,1.9000,88.070,4.5400,97.000,1.0000,0.0000,1012.2
16:08:54 08/02/0024,37.767467,-122.49272,45.700,1.9000,87.580,4.5400,97.000,1.0000,0.0000,1012.2
16:08:55 08/02/0024,37.767502,-122.49263,45.799,1.9000,87.360,4.5400,96.000,1.0000,0.0000,1012.2
16:08:57 08/02/0024,37.767555,-122.49245,45.099,1.9000,86.910,4.5400,96.000,1.0000,0.0000,1012.2
16:08:59 08/02/0024,37.767605,-122.49227,44.799,1.9000,86.510,4.5400,96.000,1.0000,0.0000,1012.2
16:09:00 08/02/0024,37.767624,-122.49218,44.500,2.0000,86.330,4.5350,96.000,1.0000,0.0000,1012.2
16:09:02 08/02/0024,37.767670,-122.49202,44.299,2.0000,86.019,4.5350,96.000,1.0000,0.0000,1012.2
16:09:03 08/02/0024,37.767693,-122.49192,44.599,2.1000,85.879,4.5300,96.000,1.0000,0.0000,1012.2
16:09:05 08/02/0024,37.767746,-122.49175,44.400,2.2000,85.660,4.5300,96.000,1.0000,0.0000,1012.2
16:09:07 08/02/0024,37.767792,-122.49157,44.299,2.2000,85.500,4.5200,96.000,1.0000,0.0000,1012.2
16:09:08 08/02/0024,37.767822,-122.49149,44.299,2.2000,85.449,4.5200,96.000,1.0000,0.0000,1012.2
16:09:10 08/02/0024,37.767864,-122.49131,43.700,3.0000,85.400,4.5100,96.000,1.0000,0.0000,1012.2
16:09:11 08/02/0024,37.767895,-122.49124,43.200,3.5000,85.389,4.5050,96.000,1.0000,0.0000,1012.2
16:09:13 08/02/0024,37.767941,-122.49105,42.700,3.9000,85.430,4.4950,96.000,1.0000,0.0000,1012.2
16:09:15 08/02/0024,37.767994,-122.49089,42.799,4.0000,85.459,4.4850,96.000,1.0000,0.0000,1012.2
16:09:16 08/02/0024,37.768021,-122.49081,43.099,4.1000,85.570,4.4700,96.000,1.0000,0.0000,1012.1
16:09:18 08/02/0024,37.768093,-122.49064,43.799,4.1000,85.699,4.4500,96.000,1.0000,0.0000,1012.1
16:09:19 08/02/0024,37.768139,-122.49058,44.000,4.1000,85.809,4.4400,96.000,1.0000,0.0000,1012.1
16:09:21 08/02/0024,37.768257,-122.49045,44.299,4.0000,86.110,4.4100,96.000,1.0000,0.0000,1012.1
16:09:23 08/02/0024,37.768391,-122.49035,45.099,3.9000,86.330,4.3950,96.000,1.0000,0.0000,1012.1
16:09:24 08/02/0024,37.768463,-122.49032,45.700,3.7000,86.809,4.3600,96.000,1.0000,0.0000,1012.1
16:09:26 08/02/0024,37.768616,-122.49028,46.500,3.6000,87.320,4.3200,96.000,1.0000,0.0000,1012.1
16:09:27 08/02/0024,37.768692,-122.49028,46.700,3.7000,87.580,4.3000,96.000,1.0000,0.0000,1012.0
16:09:29 08/02/0024,37.768848,-122.49030,47.200,3.8000,88.129,4.2500,97.000,1.0000,0.0000,1012.0
16:09:30 08/02/0024,37.768925,-122.49031,47.200,3.8000,88.400,4.2250,97.000,1.0000,0.0000,1012.0
16:09:32 08/02/0024,37.769062,-122.49041,47.000,3.7000,88.989,4.1700,98.000,1.0000,0.0000,1012.0
16:09:34 08/02/0024,37.769192,-122.49054,46.900,3.5000,89.629,4.1100,98.000,1.0000,0.0000,1012.1
16:09:35 08/02/0024,37.769249,-122.49062,47.099,3.5000,89.970,4.0800,99.000,1.0000,0.0000,1012.0
16:09:37 08/02/0024,37.769333,-122.49080,47.599,3.3000,90.669,4.0250,100.00,1.0000,0.0000,1012.1
16:09:38 08/02/0024,37.769363,-122.49090,48.000,3.2000,91.040,3.9950,100.00,1.0000,0.0000,1012.1
16:09:40 08/02/0024,37.769394,-122.49112,48.000,3.1000,91.779,3.9400,101.00,1.0000,0.0000,1012.1
16:09:42 08/02/0024,37.769390,-122.49134,47.700,3.0000,92.150,3.9100,101.00,1.0000,0.0000,1012.1
16:09:43 08/02/0024,37.769371,-122.49144,47.700,2.9000,92.860,3.8550,101.00,1.0000,0.0000,1012.2
16:09:45 08/02/0024,37.769314,-122.49164,47.799,2.9000,93.480,3.8000,101.00,1.0000,0.0000,1012.1
16:09:46 08/02/0024,37.769279,-122.49175,47.599,2.9000,93.779,3.7700,101.00,1.0000,0.0000,1012.2
16:09:48 08/02/0024,37.769215,-122.49194,47.299,2.9000,94.330,3.7200,101.00,1.0000,0.0000,1012.2
16:09:50 08/02/0024,37.769154,-122.49215,46.900,2.8000,94.580,3.6950,101.00,1.0000,0.0000,1012.2
16:09:51 08/02/0024,37.769119,-122.49226,46.599,2.8000,95.040,3.6450,102.00,1.0000,0.0000,1012.2
16:09:53 08/02/0024,37.769054,-122.49247,45.900,2.7000,95.349,3.6000,102.00,1.0000,0.0000,1012.2
16:09:54 08/02/0024,37.769024,-122.49256,45.700,2.7000,95.470,3.5750,102.00,1.0000,0.0000,1012.2
16:09:56 08/02/0024,37.768959,-122.49279,45.000,2.6000,95.690,3.5350,102.00,1.0000,0.0000,1012.2
16:09:58 08/02/0024,37.768894,-122.49300,44.000,2.6000,95.769,3.5150,102.00,1.0000,0.0000,1012.2
16:09:59 08/02/0024,37.768856,-122.49311,44.200,2.5000,95.919,3.4750,102.00,1.0000,0.0000,1012.2
16:10:01 08/02/0024,37.768787,-122.49334,43.099,2.6000,96.010,3.4600,102.00,1.0000,0.0000,1012.2
16:10:02 08/02/0024,37.768753,-122.49343,42.299,2.6000,96.180,3.4250,102.00,1.0000,0.0000,1012.2
16:10:04 08/02/0024,37.768692,-122.49366,43.400,2.5000,96.400,3.3900,102.00,1.0000,0.0000,1012.2
16:10:06 08/02/0024,37.768650,-122.49387,42.299,2.5000,96.510,3.3750,102.00,1.0000,0.0000,1012.2
16:10:07 08/02/0024,37.768612,-122.49398,41.900,2.4000,96.760,3.3500,102.00,1.0000,0.0000,1012.2
16:10:09 08/02/0024,37.768539,-122.49419,42.799,2.3000,96.889,3.3400,102.00,1.0000,0.0000,1012.2
16:10:10 08/02/0024,37.768505,-122.49430,42.200,2.3000,97.139,3.3200,102.00,1.0000,0.0000,1012.2
16:10:12 08/02/0024,37.768444,-122.49453,41.700,2.3000,97.440,3.3000,102.00,1.0000,0.0000,1012.2
16:10:14 08/02/0024,37.768379,-122.49473,41.500,2.3000,97.599,3.2950,102.00,1.0000,0.0000,1012.2
16:10:15 08/02/0024,37.768341,-122.49483,41.500,2.3000,97.919,3.2800,102.00,1.0000,0.0000,1012.2
16:10:17 08/02/0024,37.768223,-122.49500,41.500,92.699,98.089,3.2750,102.00,1.0000,0.0000,1012.2
16:10:18 08/02/0024,37.768162,-122.49507,41.799,428.20,98.389,3.2650,102.00,1.0000,0.0000,1012.2
16:10:20 08/02/0024,37.768021,-122.49520,42.000,577.29,98.529,3.2650,102.00,1.0000,0.0000,1012.2
16:10:22 08/02/0024,37.767868,-122.49525,42.099,328.10,98.790,3.2550,102.00,1.0000,0.0000,1012.1
16:10:23 08/02/0024,37.767792,-122.49527,41.799,128.00,99.000,3.2550,102.00,1.0000,0.0000,1012.1
16:10:25 08/02/0024,37.767643,-122.49527,41.599,76.199,99.099,3.2500,102.00,1.0000,0.0000,1012.1
16:10:26 08/02/0024,37.767567,-122.49525,41.200,26.700,99.279,3.2500,102.00,1.0000,0.0000,1012.1
16:10:28 08/02/0024,37.767422,-122.49520,41.299,16.799,99.330,3.2500,102.00,1.0000,0.0000,1012.2
16:10:30 08/02/0024,37.767292,-122.49510,41.700,6.7000,99.470,3.2500,101.00,1.0000,0.0000,1012.1
16:10:31 08/02/0024,37.767235,-122.49504,42.400,3.5000,99.599,3.2500,101.00,1.0000,0.0000,1012.2
16:10:33 08/02/0024,37.767136,-122.49489,43.099,2.7000,99.650,3.2550,101.00,1.0000,0.0000,1012.2
16:10:34 08/02/0024,37.767097,-122.49482,43.000,6.1000,99.739,3.2550,101.00,1.0000,0.0000,1012.2
16:10:36 08/02/0024,37.767044,-122.49465,43.799,5.6000,99.739,3.2550,101.00,1.0000,0.0000,1012.2
16:10:38 08/02/0024,37.767014,-122.49447,44.200,3.1000,99.680,3.2600,101.00,1.0000,0.0000,1012.2
16:10:39 08/02/0024,37.767014,-122.49438,44.299,2.3000,99.510,3.2650,101.00,1.0000,0.0000,1012.2
16:10:41 08/02/0024,37.767029,-122.49422,44.099,2.1000,99.400,3.2650,101.00,1.0000,0.0000,1012.2
16:10:42 08/02/0024,37.767040,-122.49413,44.200,2.2000,99.099,3.2700,100.00,1.0000,0.0000,1012.2
16:10:44 08/02/0024,37.767090,-122.49396,45.200,2.2000,98.919,3.2700,100.00,1.0000,0.0000,1012.2
16:10:46 08/02/0024,37.767143,-122.49379,45.599,2.2000,98.519,3.2700,100.00,1.0000,0.0000,1012.3
16:10:47 08/02/0024,37.767170,-122.49370,45.700,2.3000,98.290,3.2750,100.00,1.0000,0.0000,1012.2
16:10:49 08/02/0024,37.767223,-122.49355,45.599,2.2000,97.830,3.2750,100.00,1.0000,0.0000,1012.3
16:10:50 08/02/0024,37.767250,-122.49346,45.099,2.2000,97.349,3.2800,99.000,1.0000,0.0000,1012.2
16:10:52 08/02/0024,37.767296,-122.49330,44.500,2.2000,97.110,3.2800,99.000,1.0000,0.0000,1012.2
16:10:54 08/02/0024,37.767342,-122.49315,44.400,2.2000,96.669,3.2800,99.000,1.0000,0.0000,1012.3
16:10:55 08/02/0024,37.767365,-122.49307,44.599,2.2000,96.449,3.2800,99.000,1.0000,0.0000,1012.2
16:10:57 08/02/0024,37.767406,-122.49292,44.500,2.5000,96.050,3.2850,99.000,1.0000,0.0000,1012.2
16:10:58 08/02/0024,37.767422,-122.49285,44.299,3.6000,95.709,3.2850,99.000,1.0000,0.0000,1012.2
16:11:00 08/02/0024,37.767471,-122.49268,44.599,3.7000,95.540,3.2850,99.000,1.0000,0.0000,1012.2
16:11:02 08/02/0024,37.767517,-122.49253,44.700,4.0000,95.209,3.2850,99.000,1.0000,0.0000,1012.2
16:11:03 08/02/0024,37.767544,-122.49243,44.700,4.0000,95.050,3.2850,99.000,1.0000,0.0000,1012.2
16:11:05 08/02/0024,37.767593,-122.49228,44.599,4.2000,94.739,3.2850,99.000,1.0000,0.0000,1012.2
16:11:06 08/02/0024,37.767616,-122.49219,44.700,4.3000,94.459,3.2850,99.000,1.0000,0.0000,1012.2
16:11:08 08/02/0024,37.767662,-122.49204,44.400,4.3000,94.349,3.2850,99.000,1.0000,0.0000,1012.2
16:11:10 08/02/0024,37.767708,-122.49187,44.299,4.3000,94.120,3.2850,99.000,1.0000,0.0000,1012.2
16:11:11 08/02/0024,37.767731,-122.49179,44.200,4.2000,94.000,3.2800,99.000,1.0000,0.0000,1012.2
16:11:13 08/02/0024,37.767776,-122.49163,44.400,4.2000,93.750,3.2800,98.000,1.0000,0.0000,1012.2
16:11:14 08/02/0024,37.767803,-122.49156,44.200,4.2000,93.639,3.2800,98.000,1.0000,0.0000,1012.2
16:11:16 08/02/0024,37.767853,-122.49139,44.000,4.1000,93.419,3.2750,98.000,1.0000,0.0000,1012.2
16:11:18 08/02/0024,37.767902,-122.49122,44.200,4.0000,93.220,3.2700,98.000,1.0000,0.0000,1012.2
16:11:19 08/02/0024,37.767925,-122.49115,44.400,3.9000,93.110,3.2650,98.000,1.0000,0.0000,1012.2
16:11:21 08/02/0024,37.767979,-122.49098,44.900,3.8000,92.879,3.2600,98.000,1.0000,0.0000,1012.2
16:11:22 08/02/0024,37.768002,-122.49090,44.900,3.7000,92.739,3.2550,98.000,1.0000,0.0000,1012.1
16:11:24 08/02/0024,37.768051,-122.49075,44.799,3.6000,92.489,3.2500,98.000,1.0000,0.0000,1012.2
16:11:26 08/02/0024,37.768131,-122.49060,44.799,3.4000,92.279,3.2350,98.000,1.0000,0.0000,1012.1
16:11:27 08/02/0024,37.768181,-122.49054,44.900,3.4000,92.209,3.2300,98.000,1.0000,0.0000,1012.1
16:11:29 08/02/0024,37.768299,-122.49043,45.500,3.5000,92.139,3.2200,98.000,1.0000,0.0000,1012.1
16:11:30 08/02/0024,37.768360,-122.49037,45.900,3.6000,92.120,3.2100,98.000,1.0000,0.0000,1012.1
16:11:32 08/02/0024,37.768486,-122.49031,46.500,3.7000,92.199,3.1950,98.000,1.0000,0.0000,1012.1
16:11:34 08/02/0024,37.768627,-122.49026,47.400,3.7000,92.300,3.1850,98.000,1.0000,0.0000,1012.1
16:11:35 08/02/0024,37.768700,-122.49026,47.700,3.7000,92.580,3.1650,98.000,1.0000,0.0000,1012.0
16:11:37 08/02/0024,37.768856,-122.49028,48.400,3.7000,92.980,3.1450,98.000,1.0000,0.0000,1012.1
16:11:38 08/02/0024,37.768925,-122.49030,48.299,3.8000,93.209,3.1350,98.000,1.0000,0.0000,1012.0
16:11:40 08/02/0024,37.769051,-122.49039,48.400,3.7000,93.709,3.1150,98.000,1.0000,0.0000,1012.1
16:11:42 08/02/0024,37.769161,-122.49050,48.400,3.7000,93.959,3.1050,98.000,1.0000,0.0000,1012.1
16:11:43 08/02/0024,37.769211,-122.49057,48.400,3.5000,94.589,3.0850,99.000,1.0000,0.0000,1012.1
16:11:45 08/02/0024,37.769291,-122.49073,48.500,3.4000,95.320,3.0650,99.000,1.0000,0.0000,1012.1
16:11:46 08/02/0024,37.769325,-122.49081,48.599,3.4000,95.720,3.0550,99.000,1.0000,0.0000,1012.1
16:11:48 08/02/0024,37.769371,-122.49100,48.400,3.3000,96.519,3.0350,100.00,1.0000,0.0000,1012.1
16:11:50 08/02/0024,37.769386,-122.49121,48.400,3.2000,96.900,3.0250,100.00,1.0000,0.0000,1012.1
16:11:51 08/02/0024,37.769375,-122.49132,48.099,3.3000,97.559,3.0100,100.00,1.0000,0.0000,1012.2
16:11:53 08/02/0024,37.769341,-122.49154,47.400,3.3000,97.809,3.0000,100.00,1.0000,0.0000,1012.1
16:11:54 08/02/0024,37.769314,-122.49164,47.200,3.5000,98.160,2.9850,101.00,1.0000,0.0000,1012.2
16:11:56 08/02/0024,37.769226,-122.49189,45.599,3.6000,98.389,2.9700,101.00,1.0000,0.0000,1012.2
16:11:58 08/02/0024,37.769161,-122.49213,44.599,3.7000,98.480,2.9650,101.00,1.0000,0.0000,1012.2
16:11:59 08/02/0024,37.769135,-122.49224,45.000,3.8000,98.629,2.9500,101.00,1.0000,0.0000,1012.2
16:12:01 08/02/0024,37.769066,-122.49250,45.099,3.8000,98.730,2.9450,101.00,1.0000,0.0000,1012.2
16:12:02 08/02/0024,37.769035,-122.49263,44.799,3.7000,98.940,2.9300,102.00,1.0000,0.0000,1012.2
16:12:04 08/02/0024,37.768959,-122.49287,43.500,3.6000,99.160,2.9200,102.00,1.0000,0.0000,1012.2
16:12:06 08/02/0024,37.768875,-122.49311,43.000,3.7000,99.290,2.9150,102.00,1.0000,0.0000,1012.2
16:12:07 08/02/0024,37.768829,-122.49323,43.000,3.7000,99.540,2.9000,103.00,1.0000,0.0000,1012.2
16:12:09 08/02/0024,37.768757,-122.49346,43.500,3.7000,99.669,2.8950,103.00,1.0000,0.0000,1012.2
16:12:10 08/02/0024,37.768715,-122.49359,43.400,3.7000,99.959,2.8800,103.00,1.0000,0.0000,1012.2
16:12:12 08/02/0024,37.768639,-122.49383,44.299,3.7000,100.00,2.8700,103.00,1.0000,0.0000,1012.2
16:12:14 08/02/0024,37.768566,-122.49406,43.299,3.7000,100.00,2.8650,103.00,1.0000,0.0000,1012.3
16:12:15 08/02/0024,37.768528,-122.49417,42.299,3.9000,100.00,2.8550,103.00,1.0000,0.0000,1012.2
16:12:17 08/02/0024,37.768452,-122.49441,43.400,4.0000,100.00,2.8500,103.00,1.0000,0.0000,1012.2
16:12:18 08/02/0024,37.768436,-122.49453,42.799,4.1000,100.00,2.8450,103.00,1.0000,0.0000,1012.2
16:12:20 08/02/0024,37.768379,-122.49474,43.900,4.1000,100.00,2.8450,103.00,1.0000,0.0000,1012.3
16:12:22 08/02/0024,37.768272,-122.49496,43.000,4.1000,100.00,2.8400,103.00,1.0000,0.0000,1012.2
16:12:23 08/02/0024,37.768219,-122.49505,42.200,4.2000,100.00,2.8400,103.00,1.0000,0.0000,1012.2
16:12:25 08/02/0024,37.768078,-122.49519,42.400,4.2000,100.00,2.8350,103.00,1.0000,0.0000,1012.2
16:12:26 08/02/0024,37.768002,-122.49523,43.099,59.500,100.00,2.8350,103.00,1.0000,0.0000,1012.2
16:12:28 08/02/0024,37.767857,-122.49529,43.900,46.900,100.00,2.8350,103.00,1.0000,0.0000,1012.2
16:12:30 08/02/0024,37.767704,-122.49530,44.099,21.500,100.00,2.8400,103.00,1.0000,0.0000,1012.2
16:12:31 08/02/0024,37.767632,-122.49529,44.299,9.4000,100.00,2.8400,103.00,1.0000,0.0000,1012.2
16:12:33 08/02/0024,37.767494,-122.49521,45.500,6.4000,100.00,2.8400,103.00,1.0000,0.0000,1012.2
16:12:34 08/02/0024,37.767426,-122.49517,45.299,4.1000,100.00,2.8400,103.00,1.0000,0.0000,1012.2
16:12:36 08/02/0024,37.767307,-122.49509,44.700,4.7000,100.00,2.8450,103.00,1.0000,0.0000,1012.2
16:12:38 08/02/0024,37.767208,-122.49497,44.900,4.4000,100.00,2.8450,103.00,1.0000,0.0000,1012.2
16:12:39 08/02/0024,37.767166,-122.49491,45.299,3.9000,100.00,2.8500,103.00,1.0000,0.0000,1012.3
16:12:41 08/02/0024,37.767105,-122.49475,45.700,3.7000,100.00,2.8500,103.00,1.0000,0.0000,1012.3
16:12:42 08/02/0024,37.767078,-122.49469,45.799,3.8000,100.00,2.8550,103.00,1.0000,0.0000,1012.2
16:12:44 08/02/0024,37.767040,-122.49453,45.799,3.8000,100.00,2.8550,102.00,1.0000,0.0000,1012.2
16:12:46 08/02/0024,37.767029,-122.49437,45.500,3.4000,100.00,2.8600,102.00,1.0000,0.0000,1012.2
16:12:47 08/02/0024,37.767029,-122.49430,45.400,3.4000,100.00,2.8600,102.00,1.0000,0.0000,1012.3
16:12:49 08/02/0024,37.767052,-122.49414,45.299,3.4000,100.00,2.8650,102.00,1.0000,0.0000,1012.2
16:12:50 08/02/0024,37.767067,-122.49405,45.000,3.4000,100.00,2.8650,102.00,1.0000,0.0000,1012.3
16:12:52 08/02/0024,37.767113,-122.49390,45.299,3.5000,100.00,2.8650,102.00,1.0000,0.0000,1012.3
16:12:54 08/02/0024,37.767166,-122.49375,45.900,3.6000,100.00,2.8700,101.00,1.0000,0.0000,1012.2
16:12:55 08/02/0024,37.767189,-122.49368,45.799,3.6000,100.00,2.8700,101.00,1.0000,0.0000,1012.3
16:12:57 08/02/0024,37.767246,-122.49353,45.900,3.5000,100.00,2.8700,101.00,1.0000,0.0000,1012.3
16:12:58 08/02/0024,37.767265,-122.49346,46.599,3.5000,99.919,2.8750,101.00,1.0000,0.0000,1012.3
16:13:00 08/02/0024,37.767311,-122.49330,46.799,3.5000,99.800,2.8750,101.00,1.0000,0.0000,1012.2
16:13:01 08/02/0024,37.767334,-122.49323,46.799,3.5000,99.589,2.8750,101.00,1.0000,0.0000,1012.3
16:13:03 08/02/0024,37.767376,-122.49308,46.700,3.5000,99.510,2.8800,101.00,1.0000,0.0000,1012.2
16:13:05 08/02/0024,37.767426,-122.49292,46.700,3.6000,99.360,2.8800,101.00,1.0000,0.0000,1012.2
16:13:06 08/02/0024,37.767448,-122.49286,47.000,3.6000,99.290,2.8800,101.00,1.0000,0.0000,1012.2
16:13:08 08/02/0024,37.767487,-122.49271,46.700,3.6000,99.150,2.8800,101.00,1.0000,0.0000,1012.3
16:13:09 08/02/0024,37.767506,-122.49264,46.400,3.7000,99.040,2.8850,100.00,1.0000,0.0000,1012.3
16:13:11 08/02/0024,37.767544,-122.49251,46.000,3.7000,99.010,2.8850,100.00,1.0000,0.0000,1012.2
16:13:13 08/02/0024,37.767586,-122.49236,45.400,3.7000,98.980,2.8850,100.00,1.0000,0.0000,1012.2
16:13:14 08/02/0024,37.767609,-122.49230,45.200,3.6000,98.959,2.8850,100.00,1.0000,0.0000,1012.2
16:13:16 08/02/0024,37.767654,-122.49214,44.599,3.6000,98.949,2.8850,100.00,1.0000,0.0000,1012.2
16:13:17 08/02/0024,37.767677,-122.49207,44.700,3.6000,98.900,2.8850,100.00,1.0000,0.0000,1012.2
16:13:19 08/02/0024,37.767719,-122.49192,44.500,3.6000,98.849,2.8850,100.00,1.0000,0.0000,1012.3
16:13:21 08/02/0024,37.767765,-122.49176,44.200,3.5000,98.739,2.8900,100.00,1.0000,0.0000,1012.2
16:13:22 08/02/0024,37.767784,-122.49168,44.200,3.4000,98.680,2.8900,100.00,1.0000,0.0000,1012.2
16:13:24 08/02/0024,37.767830,-122.49152,44.099,3.5000,98.489,2.8900,100.00,1.0000,0.0000,1012.2
16:13:25 08/02/0024,37.767853,-122.49144,43.900,3.5000,98.400,2.8900,100.00,1.0000,0.0000,1012.2
16:13:27 08/02/0024,37.767899,-122.49128,44.099,3.5000,98.199,2.8900,100.00,1.0000,0.0000,1012.2
16:13:29 08/02/0024,37.767944,-122.49113,44.299,3.5000,97.970,2.8900,100.00,1.0000,0.0000,1012.2
16:13:30 08/02/0024,37.767967,-122.49104,44.000,3.5000,97.849,2.8900,100.00,1.0000,0.0000,1012.2
16:13:32 08/02/0024,37.768017,-122.49089,43.700,3.6000,97.559,2.8900,100.00,1.0000,0.0000,1012.2
16:13:33 08/02/0024,37.768044,-122.49081,43.400,3.6000,97.419,2.8900,100.00,1.0000,0.0000,1012.2
16:13:35 08/02/0024,37.768108,-122.49067,43.400,3.6000,97.129,2.8850,100.00,1.0000,0.0000,1012.2
16:13:37 08/02/0024,37.768188,-122.49054,43.799,3.6000,96.900,2.8850,100.00,1.0000,0.0000,1012.2
16:13:38 08/02/0024,37.768234,-122.49049,44.099,3.5000,96.790,2.8850,100.00,1.0000,0.0000,1012.1
16:13:40 08/02/0024,37.768341,-122.49041,44.400,3.4000,96.620,2.8800,100.00,1.0000,0.0000,1012.1
16:13:41 08/02/0024,37.768410,-122.49037,44.799,3.5000,96.559,2.8800,100.00,1.0000,0.0000,1012.1
16:13:43 08/02/0024,37.768536,-122.49032,45.799,3.4000,96.430,2.8750,100.00,1.0000,0.0000,1012.1
16:13:45 08/02/0024,37.768658,-122.49030,46.000,3.4000,96.370,2.8750,100.00,1.0000,0.0000,1012.1
16:13:46 08/02/0024,37.768715,-122.49031,46.000,3.3000,96.320,2.8700,100.00,1.0000,0.0000,1012.1
16:13:48 08/02/0024,37.768837,-122.49034,46.400,3.3000,96.379,2.8700,100.00,1.0000,0.0000,1012.1
16:13:49 08/02/0024,37.768887,-122.49035,46.599,3.3000,96.449,2.8650,100.00,1.0000,0.0000,1012.1
16:13:51 08/02/0024,37.768986,-122.49041,46.299,3.3000,96.620,2.8600,100.00,1.0000,0.0000,1012.1
16:13:53 08/02/0024,37.769077,-122.49048,46.500,3.3000,96.699,2.8600,100.00,1.0000,0.0000,1012.1
16:13:54 08/02/0024,37.769123,-122.49052,46.700,3.3000,96.870,2.8550,100.00,1.0000,0.0000,1012.1
16:13:56 08/02/0024,37.769207,-122.49063,46.900,3.2000,97.050,2.8500,100.00,1.0000,0.0000,1012.1
16:13:57 08/02/0024,37.769253,-122.49068,46.799,3.1000,97.139,2.8450,100.00,1.0000,0.0000,1012.1
16:13:59 08/02/0024,37.769314,-122.49082,46.799,3.1000,97.290,2.8400,100.00,1.0000,0.0000,1012.1
16:14:01 08/02/0024,37.769352,-122.49098,46.700,3.0000,97.349,2.8350,100.00,1.0000,0.0000,1012.1
16:14:02 08/02/0024,37.769367,-122.49104,46.700,3.0000,97.459,2.8300,101.00,1.0000,0.0000,1012.2
16:14:04 08/02/0024,37.769375,-122.49120,46.799,2.9000,97.510,2.8250,101.00,1.0000,0.0000,1012.1
16:14:05 08/02/0024,37.769375,-122.49128,46.700,2.9000,97.570,2.8200,101.00,1.0000,0.0000,1012.2
16:14:07 08/02/0024,37.769344,-122.49144,46.500,2.9000,97.639,2.8150,101.00,1.0000,0.0000,1012.2
16:14:09 08/02/0024,37.769295,-122.49162,46.200,2.9000,97.680,2.8100,101.00,1.0000,0.0000,1012.2
16:14:10 08/02/0024,37.769272,-122.49171,45.799,3.0000,97.779,2.8000,102.00,1.0000,0.0000,1012.2
16:14:12 08/02/0024,37.769218,-122.49189,45.099,3.0000,97.830,2.7950,102.00,1.0000,0.0000,1012.2
16:14:13 08/02/0024,37.769196,-122.49198,44.900,3.0000,97.989,2.7900,102.00,1.0000,0.0000,1012.2
16:14:15 08/02/0024,37.769154,-122.49217,44.299,3.1000,98.169,2.7800,102.00,1.0000,0.0000,1012.2
16:14:17 08/02/0024,37.769093,-122.49235,43.700,3.1000,98.300,2.7750,102.00,1.0000,0.0000,1012.3
16:14:18 08/02/0024,37.769070,-122.49243,43.299,3.2000,98.599,2.7650,102.00,1.0000,0.0000,1012.2
16:14:20 08/02/0024,37.769012,-122.49263,42.900,3.2000,98.769,2.7650,102.00,1.0000,0.0000,1012.2
16:14:21 08/02/0024,37.768978,-122.49273,42.599,3.4000,99.160,2.7550,102.00,1.0000,0.0000,1012.2
16:14:23 08/02/0024,37.768925,-122.49291,42.500,3.5000,99.550,2.7450,102.00,1.0000,0.0000,1012.2
16:14:25 08/02/0024,37.768871,-122.49311,42.200,3.6000,99.750,2.7400,102.00,1.0000,0.0000,1012.2
16:14:26 08/02/0024,37.768841,-122.49319,42.099,3.6000,100.00,2.7350,102.00,1.0000,0.0000,1012.3
16:14:28 08/02/0024,37.768784,-122.49338,41.500,3.6000,100.00,2.7300,102.00,1.0000,0.0000,1012.3
16:14:29 08/02/0024,37.768757,-122.49349,41.099,3.6000,100.00,2.7200,103.00,1.0000,0.0000,1012.3
16:14:31 08/02/0024,37.768696,-122.49366,41.000,3.5000,100.00,2.7200,103.00,1.0000,0.0000,1012.2
16:14:33 08/02/0024,37.768642,-122.49386,40.400,3.5000,100.00,2.7100,103.00,1.0000,0.0000,1012.3
16:14:34 08/02/0024,37.768616,-122.49395,40.299,3.4000,100.00,2.7050,103.00,1.0000,0.0000,1012.2
16:14:36 08/02/0024,37.768566,-122.49413,39.900,3.4000,100.00,2.7050,103.00,1.0000,0.0000,1012.3
16:14:37 08/02/0024,37.768543,-122.49422,39.900,3.5000,100.00,2.7000,103.00,1.0000,0.0000,1012.3
16:14:39 08/02/0024,37.768494,-122.49440,39.900,3.5000,100.00,2.7000,103.00,1.0000,0.0000,1012.3
16:14:41 08/02/0024,37.768444,-122.49457,40.299,3.6000,100.00,2.6950,103.00,1.0000,0.0000,1012.3
16:14:42 08/02/0024,37.768417,-122.49465,40.400,3.7000,100.00,2.6950,103.00,1.0000,0.0000,1012.3
16:14:44 08/02/0024,37.768360,-122.49482,40.500,3.8000,100.00,2.6950,103.00,1.0000,0.0000,1012.3
16:14:45 08/02/0024,37.768326,-122.49489,40.299,3.8000,100.00,2.6950,103.00,1.0000,0.0000,1012.3
16:14:47 08/02/0024,37.768242,-122.49504,40.000,3.8000,100.00,2.6950,103.00,1.0000,0.0000,1012.3
16:14:49 08/02/0024,37.768131,-122.49514,39.700,3.8000,100.00,2.6950,103.00,1.0000,0.0000,1012.2
16:14:50 08/02/0024,37.768078,-122.49517,39.900,21.000,100.00,2.6950,103.00,1.0000,0.0000,1012.3
16:14:52 08/02/0024,37.767960,-122.49524,40.099,33.000,100.00,2.6950,103.00,1.0000,0.0000,1012.2
16:14:53 08/02/0024,37.767895,-122.49527,40.500,17.700,100.00,2.6950,103.00,1.0000,0.0000,1012.2
16:14:55 08/02/0024,37.767776,-122.49529,40.900,13.000,100.00,2.6950,103.00,1.0000,0.0000,1012.3
16:14:57 08/02/0024,37.767662,-122.49528,41.299,6.7000,100.00,2.7000,103.00,1.0000,0.0000,1012.3
16:14:58 08/02/0024,37.767605,-122.49527,41.400,5.4000,100.00,2.7000,103.00,1.0000,0.0000,1012.2
16:15:00 08/02/0024,37.767490,-122.49523,41.700,4.4000,100.00,2.7000,103.00,1.0000,0.0000,1012.3
16:15:01 08/02/0024,37.767437,-122.49520,41.500,3.6000,100.00,2.7050,102.00,1.0000,0.0000,1012.2
16:15:03 08/02/0024,37.767334,-122.49513,41.500,3.5000,100.00,2.7050,102.00,1.0000,0.0000,1012.3
16:15:05 08/02/0024,37.767242,-122.49502,41.700,3.3000,100.00,2.7100,102.00,1.0000,0.0000,1012.2
16:15:06 08/02/0024,37.767197,-122.49497,41.900,3.3000,100.00,2.7100,102.00,1.0000,0.0000,1012.3
16:15:08 08/02/0024,37.767128,-122.49485,42.099,3.1000,100.00,2.7100,102.00,1.0000,0.0000,1012.3
16:15:09 08/02/0024,37.767105,-122.49478,42.500,3.1000,100.00,2.7150,102.00,1.0000,0.0000,1012.3
16:15:11 08/02/0024,37.767059,-122.49462,42.400,3.1000,100.00,2.7150,102.00,1.0000,0.0000,1012.3
16:15:13 08/02/0024,37.767029,-122.49447,42.200,3.0000,100.00,2.7150,102.00,1.0000,0.0000,1012.3
16:15:14 08/02/0024,37.767029,-122.49440,41.799,3.0000,100.00,2.7200,102.00,1.0000,0.0000,1012.3
16:15:16 08/02/0024,37.767029,-122.49426,42.099,3.0000,100.00,2.7200,102.00,1.0000,0.0000,1012.3
16:15:17 08/02/0024,37.767040,-122.49417,42.599,3.0000,100.00,2.7250,102.00,1.0000,0.0000,1012.3
16:15:19 08/02/0024,37.767078,-122.49404,43.099,3.1000,100.00,2.7250,101.00,1.0000,0.0000,1012.3
16:15:21 08/02/0024,37.767128,-122.49390,43.099,3.1000,100.00,2.7300,101.00,1.0000,0.0000,1012.3
16:15:22 08/02/0024,37.767151,-122.49382,43.200,3.2000,100.00,2.7300,101.00,1.0000,0.0000,1012.3
16:15:24 08/02/0024,37.767197,-122.49368,43.400,3.2000,100.00,2.7350,101.00,1.0000,0.0000,1012.2
16:15:25 08/02/0024,37.767220,-122.49362,43.299,3.2000,100.00,2.7350,101.00,1.0000,0.0000,1012.3
16:15:27 08/02/0024,37.767265,-122.49347,43.599,3.2000,100.00,2.7400,101.00,1.0000,0.0000,1012.3
16:15:29 08/02/0024,37.767307,-122.49334,43.900,3.2000,100.00,2.7400,101.00,1.0000,0.0000,1012.3
16:15:30 08/02/0024,37.767326,-122.49326,44.000,3.2000,100.00,2.7450,101.00,1.0000,0.0000,1012.3
16:15:32 08/02/0024,37.767361,-122.49311,44.299,3.2000,100.00,2.7450,101.00,1.0000,0.0000,1012.3
16:15:33 08/02/0024,37.767376,-122.49305,44.599,3.2000,100.00,2.7450,101.00,1.0000,0.0000,1012.3
16:15:35 08/02/0024,37.767414,-122.49291,45.200,3.2000,100.00,2.7500,101.00,1.0000,0.0000,1012.3
16:15:37 08/02/0024,37.767448,-122.49279,45.599,3.2000,100.00,2.7500,101.00,1.0000,0.0000,1012.3
16:15:38 08/02/0024,37.767467,-122.49271,45.799,3.2000,100.00,2.7550,101.00,1.0000,0.0000,1012.3
16:15:40 08/02/0024,37.767509,-122.49258,45.700,3.2000,100.00,2.7550,101.00,1.0000,0.0000,1012.3
16:15:41 08/02/0024,37.767532,-122.49250,45.299,3.2000,100.00,2.7550,101.00,1.0000,0.0000,1012.3
16:15:43 08/02/0024,37.767570,-122.49237,44.799,3.2000,100.00,2.7600,101.00,1.0000,0.0000,1012.3
16:15:45 08/02/0024,37.767609,-122.49223,44.200,3.2000,100.00,2.7600,101.00,1.0000,0.0000,1012.2
16:15:46 08/02/0024,37.767632,-122.49217,43.799,3.1000,100.00,2.7600,101.00,1.0000,0.0000,1012.3
16:15:48 08/02/0024,37.767677,-122.49203,43.200,3.1000,100.00,2.7650,101.00,1.0000,0.0000,1012.3
16:15:49 08/02/0024,37.767696,-122.49195,43.299,3.1000,100.00,2.7650,100.00,1.0000,0.0000,1012.2
16:15:51 08/02/0024,37.767731,-122.49182,43.000,3.1000,100.00,2.7650,100.00,1.0000,0.0000,1012.3
16:15:53 08/02/0024,37.767773,-122.49168,43.099,3.0000,100.00,2.7650,100.00,1.0000,0.0000,1012.3
16:15:54 08/02/0024,37.767792,-122.49162,42.700,2.9000,100.00,2.7700,100.00,1.0000,0.0000,1012.3
16:15:56 08/02/0024,37.767834,-122.49147,42.200,2.8000,100.00,2.7700,100.00,1.0000,0.0000,1012.2
16:15:57 08/02/0024,37.767853,-122.49141,42.200,2.8000,100.00,2.7700,100.00,1.0000,0.0000,1012.2
16:15:59 08/02/0024,37.767895,-122.49128,42.000,2.8000,100.00,2.7700,100.00,1.0000,0.0000,1012.2
16:16:01 08/02/0024,37.767933,-122.49113,41.900,2.8000,100.00,2.7700,100.00,1.0000,0.0000,1012.2
16:16:02 08/02/0024,37.767952,-122.49107,42.200,2.8000,100.00,2.7700,100.00,1.0000,0.0000,1012.2
16:16:04 08/02/0024,37.767990,-122.49094,42.299,2.8000,100.00,2.7750,100.00,1.0000,0.0000,1012.2
16:16:05 08/02/0024,37.768013,-122.49088,42.299,2.9000,99.730,2.7750,100.00,1.0000,0.0000,1012.2
16:16:07 08/02/0024,37.768063,-122.49075,42.599,2.9000,99.480,2.7750,100.00,1.0000,0.0000,1012.2
16:16:09 08/02/0024,37.768120,-122.49063,42.599,2.9000,99.379,2.7750,100.00,1.0000,0.0000,1012.2
16:16:10 08/02/0024,37.768154,-122.49058,42.799,2.9000,99.199,2.7750,100.00,1.0000,0.0000,1012.2
16:16:12 08/02/0024,37.768242,-122.49048,43.299,2.9000,99.120,2.7750,100.00,1.0000,0.0000,1012.2
16:16:13 08/02/0024,37.768280,-122.49044,43.299,2.9000,98.980,2.7750,100.00,1.0000,0.0000,1012.2
16:16:15 08/02/0024,37.768387,-122.49037,44.200,2.9000,98.839,2.7750,100.00,1.0000,0.0000,1012.1
16:16:17 08/02/0024,37.768501,-122.49031,45.500,2.9000,98.760,2.7750,100.00,1.0000,0.0000,1012.2
16:16:18 08/02/0024,37.768559,-122.49030,46.200,3.0000,98.570,2.7750,100.00,1.0000,0.0000,1012.2
16:16:20 08/02/0024,37.768677,-122.49028,47.299,3.0000,98.470,2.7750,100.00,1.0000,0.0000,1012.1
16:16:21 08/02/0024,37.768726,-122.49028,47.500,3.1000,98.279,2.7750,100.00,1.0000,0.0000,1012.1
16:16:23 08/02/0024,37.768826,-122.49030,47.500,3.2000,98.220,2.7750,100.00,1.0000,0.0000,1012.1
16:16:25 08/02/0024,37.768925,-122.49034,47.099,3.2000,98.099,2.7800,100.00,1.0000,0.0000,1012.2
16:16:26 08/02/0024,37.768974,-122.49037,47.099,3.3000,98.080,2.7800,100.00,1.0000,0.0000,1012.1
16:16:28 08/02/0024,37.769062,-122.49044,46.500,3.3000,98.080,2.7800,100.00,1.0000,0.0000,1012.1
16:16:29 08/02/0024,37.769104,-122.49048,46.299,3.5000,98.110,2.7800,100.00,1.0000,0.0000,1012.1
16:16:31 08/02/0024,37.769184,-122.49058,45.799,3.5000,98.139,2.7800,100.00,1.0000,0.0000,1012.2
16:16:32 08/02/0024,37.769226,-122.49063,45.799,3.4000,98.169,2.7750,100.00,1.0000,0.0000,1012.1
16:16:34 08/02/0024,37.769291,-122.49076,45.900,3.4000,98.190,2.7750,100.00,1.0000,0.0000,1012.2
16:16:36 08/02/0024,37.769333,-122.49090,45.200,3.4000,98.180,2.7750,100.00,1.0000,0.0000,1012.2
16:16:37 08/02/0024,37.769352,-122.49096,44.900,3.4000,98.220,2.7750,100.00,1.0000,0.0000,1012.2
16:16:39 08/02/0024,37.769371,-122.49112,44.000,3.4000,98.260,2.7750,100.00,1.0000,0.0000,1012.2
16:16:40 08/02/0024,37.769371,-122.49121,43.799,3.3000,98.330,2.7750,100.00,1.0000,0.0000,1012.2
16:16:42 08/02/0024,37.769360,-122.49136,43.799,3.3000,98.370,2.7750,101.00,1.0000,0.0000,1012.2
16:16:44 08/02/0024,37.769325,-122.49152,43.900,3.1000,98.459,2.7750,101.00,1.0000,0.0000,1012.2
16:16:45 08/02/0024,37.769302,-122.49158,44.000,3.0000,98.550,2.7750,101.00,1.0000,0.0000,1012.2
16:16:47 08/02/0024,37.769260,-122.49172,44.299,3.0000,98.610,2.7750,101.00,1.0000,0.0000,1012.2
16:16:48 08/02/0024,37.769238,-122.49179,44.400,3.0000,98.809,2.7700,101.00,1.0000,0.0000,1012.2
16:16:50 08/02/0024,37.769192,-122.49192,44.500,3.0000,98.919,2.7700,101.00,1.0000,0.0000,1012.2
16:16:52 08/02/0024,37.769146,-122.49209,44.900,3.0000,99.139,2.7700,102.00,1.0000,0.0000,1012.3
16:16:53 08/02/0024,37.769127,-122.49215,44.799,3.0000,99.339,2.7700,102.00,1.0000,0.0000,1012.3
16:16:55 08/02/0024,37.769089,-122.49231,45.200,2.9000,99.449,2.7700,102.00,1.0000,0.0000,1012.3
16:16:57 08/02/0024,37.769047,-122.49243,45.700,2.8000,99.660,2.7700,102.00,1.0000,0.0000,1012.3
16:16:58 08/02/0024,37.769028,-122.49251,45.299,2.8000,99.790,2.7700,102.00,1.0000,0.0000,1012.3
16:17:00 08/02/0024,37.768990,-122.49266,44.799,2.7000,100.00,2.7700,102.00,1.0000,0.0000,1012.3
16:17:01 08/02/0024,37.768967,-122.49273,44.400,2.6000,100.00,2.7700,102.00,1.0000,0.0000,1012.3
16:17:03 08/02/0024,37.768932,-122.49287,44.200,2.6000,100.00,2.7700,102.00,1.0000,0.0000,1012.3
16:17:05 08/02/0024,37.768890,-122.49301,43.700,2.6000,100.00,2.7650,103.00,1.0000,0.0000,1012.4
16:17:06 08/02/0024,37.768871,-122.49308,43.400,2.6000,100.00,2.7700,103.00,1.0000,0.0000,1012.3
16:17:08 08/02/0024,37.768829,-122.49322,42.900,2.7000,100.00,2.7700,103.00,1.0000,0.0000,1012.3
16:17:09 08/02/0024,37.768806,-122.49330,43.000,2.7000,100.00,2.7700,103.00,1.0000,0.0000,1012.3
16:17:11 08/02/0024,37.768768,-122.49343,43.299,2.8000,100.00,2.7700,103.00,1.0000,0.0000,1012.3
16:17:13 08/02/0024,37.768730,-122.49358,43.500,2.9000,100.00,2.7700,103.00,1.0000,0.0000,1012.3
16:17:14 08/02/0024,37.768711,-122.49364,43.500,2.9000,100.00,2.7700,103.00,1.0000,0.0000,1012.3
16:17:16 08/02/0024,37.768669,-122.49379,43.099,3.0000,100.00,2.7700,103.00,1.0000,0.0000,1012.3
16:17:17 08/02/0024,37.768646,-122.49387,42.500,3.0000,100.00,2.7700,103.00,1.0000,0.0000,1012.4
16:17:19 08/02/0024,37.768600,-122.49401,42.000,3.0000,100.00,2.7700,103.00,1.0000,0.0000,1012.3
16:17:21 08/02/0024,37.768559,-122.49417,41.599,3.1000,100.00,2.7750,103.00,1.0000,0.0000,1012.4
16:17:22 08/02/0024,37.768536,-122.49423,41.500,3.1000,100.00,2.7750,103.00,1.0000,0.0000,1012.4
16:17:24 08/02/0024,37.768497,-122.49437,41.000,3.2000,100.00,2.7750,103.00,1.0000,0.0000,1012.3
16:17:25 08/02/0024,37.768478,-122.49443,40.799,3.2000,100.00,2.7750,103.00,1.0000,0.0000,1012.3
16:17:27 08/02/0024,37.768436,-122.49459,40.599,3.2000,100.00,2.7800,103.00,1.0000,0.0000,1012.4
16:17:29 08/02/0024,37.768394,-122.49473,40.500,3.2000,100.00,2.7800,103.00,1.0000,0.0000,1012.3
16:17:30 08/02/0024,37.768364,-122.49481,40.299,3.2000,100.00,2.7800,103.00,1.0000,0.0000,1012.3
16:17:32 08/02/0024,37.768295,-122.49493,39.599,3.2000,100.00,2.7850,103.00,1.0000,0.0000,1012.3
16:17:33 08/02/0024,37.768253,-122.49500,39.299,3.1000,100.00,2.7850,103.00,1.0000,0.0000,1012.3
16:17:35 08/02/0024,37.768162,-122.49510,38.799,3.0000,100.00,2.7850,103.00,1.0000,0.0000,1012.3
16:17:37 08/02/0024,37.768051,-122.49519,38.400,9.2000,100.00,2.7900,103.00,1.0000,0.0000,1012.3
16:17:38 08/02/0024,37.767990,-122.49521,38.400,24.500,100.00,2.7900,103.00,1.0000,0.0000,1012.3
16:17:40 08/02/0024,37.767864,-122.49525,38.500,12.800,100.00,2.7950,103.00,1.0000,0.0000,1012.3
16:17:41 08/02/0024,37.767807,-122.49527,38.599,9.0000,100.00,2.7950,103.00,1.0000,0.0000,1012.3
16:17:43 08/02/0024,37.767693,-122.49527,38.900,4.3000,100.00,2.8000,103.00,1.0000,0.0000,1012.3
16:17:45 08/02/0024,37.767578,-122.49524,40.099,3.8000,100.00,2.8000,103.00,1.0000,0.0000,1012.3
16:17:46 08/02/0024,37.767525,-122.49523,40.400,3.2000,100.00,2.8050,103.00,1.0000,0.0000,1012.3
16:17:48 08/02/0024,37.767414,-122.49517,40.900,2.9000,100.00,2.8100,103.00,1.0000,0.0000,1012.3
16:17:49 08/02/0024,37.767361,-122.49514,41.200,3.0000,100.00,2.8150,103.00,1.0000,0.0000,1012.3
16:17:51 08/02/0024,37.767258,-122.49504,41.700,2.9000,100.00,2.8200,103.00,1.0000,0.0000,1012.3
16:17:53 08/02/0024,37.767174,-122.49492,41.500,2.9000,100.00,2.8250,103.00,1.0000,0.0000,1012.3
16:17:54 08/02/0024,37.767139,-122.49485,41.500,2.9000,100.00,2.8300,103.00,1.0000,0.0000,1012.3
16:17:56 08/02/0024,37.767075,-122.49472,41.299,2.8000,100.00,2.8400,102.00,1.0000,0.0000,1012.3
16:17:57 08/02/0024,37.767048,-122.49464,41.200,2.8000,100.00,2.8400,102.00,1.0000,0.0000,1012.3
16:17:59 08/02/0024,37.767014,-122.49449,41.200,3.0000,100.00,2.8500,102.00,1.0000,0.0000,1012.3
16:18:01 08/02/0024,37.767010,-122.49432,40.700,3.0000,100.00,2.8550,102.00,1.0000,0.0000,1012.4
16:18:02 08/02/0024,37.767010,-122.49424,40.299,3.1000,100.00,2.8650,102.00,1.0000,0.0000,1012.3
16:18:04 08/02/0024,37.767048,-122.49408,40.099,3.2000,100.00,2.8750,102.00,1.0000,0.0000,1012.3
16:18:05 08/02/0024,37.767067,-122.49400,40.400,3.2000,100.00,2.8750,102.00,1.0000,0.0000,1012.4
16:18:07 08/02/0024,37.767117,-122.49386,40.700,3.3000,100.00,2.8850,102.00,1.0000,0.0000,1012.4
16:18:09 08/02/0024,37.767170,-122.49369,40.900,3.3000,100.00,2.8900,102.00,1.0000,0.0000,1012.3
16:18:10 08/02/0024,37.767197,-122.49362,40.900,3.4000,100.00,2.9000,102.00,1.0000,0.0000,1012.3
16:18:12 08/02/0024,37.767242,-122.49346,41.299,3.4000,100.00,2.9050,102.00,1.0000,0.0000,1012.3
16:18:13 08/02/0024,37.767262,-122.49338,41.799,3.5000,100.00,2.9100,102.00,1.0000,0.0000,1012.3
16:18:15 08/02/0024,37.767311,-122.49322,42.099,3.5000,100.00,2.9200,102.00,1.0000,0.0000,1012.4
16:18:17 08/02/0024,37.767361,-122.49307,42.200,3.4000,100.00,2.9200,102.00,1.0000,0.0000,1012.3
16:18:18 08/02/0024,37.767387,-122.49298,42.200,3.4000,100.00,2.9250,102.00,1.0000,0.0000,1012.4
16:18:20 08/02/0024,37.767433,-122.49283,42.400,3.4000,99.959,2.9300,102.00,1.0000,0.0000,1012.4
16:18:21 08/02/0024,37.767456,-122.49276,42.799,3.4000,99.849,2.9350,101.00,1.0000,0.0000,1012.4
16:18:23 08/02/0024,37.767506,-122.49260,43.200,3.3000,99.820,2.9350,101.00,1.0000,0.0000,1012.3
16:18:25 08/02/0024,37.767548,-122.49243,43.299,3.3000,99.839,2.9400,101.00,1.0000,0.0000,1012.3
16:18:26 08/02/0024,37.767570,-122.49236,43.000,3.2000,99.900,2.9400,101.00,1.0000,0.0000,1012.3
16:18:28 08/02/0024,37.767616,-122.49221,42.599,3.1000,99.930,2.9400,101.00,1.0000,0.0000,1012.3
16:18:29 08/02/0024,37.767635,-122.49213,42.700,3.1000,100.00,2.9450,101.00,1.0000,0.0000,1012.3
16:18:31 08/02/0024,37.767685,-122.49198,42.900,3.0000,100.00,2.9450,101.00,1.0000,0.0000,1012.3
16:18:33 08/02/0024,37.767727,-122.49182,42.799,3.0000,100.00,2.9450,101.00,1.0000,0.0000,1012.3
16:18:34 08/02/0024,37.767750,-122.49175,42.799,3.1000,100.00,2.9450,101.00,1.0000,0.0000,1012.3
16:18:36 08/02/0024,37.767803,-122.49158,42.700,3.1000,100.00,2.9450,101.00,1.0000,0.0000,1012.3
16:18:37 08/02/0024,37.767826,-122.49150,42.799,3.1000,100.00,2.9450,101.00,1.0000,0.0000,1012.3
16:18:39 08/02/0024,37.767876,-122.49135,42.599,3.1000,100.00,2.9450,101.00,1.0000,0.0000,1012.3
16:18:41 08/02/0024,37.767925,-122.49118,42.400,3.1000,100.00,2.9450,101.00,1.0000,0.0000,1012.3
16:18:42 08/02/0024,37.767948,-122.49111,42.099,3.2000,100.00,2.9450,101.00,1.0000,0.0000,1012.3
16:18:44 08/02/0024,37.767998,-122.49095,41.500,3.2000,100.00,2.9450,101.00,1.0000,0.0000,1012.3
16:18:45 08/02/0024,37.768021,-122.49088,41.400,3.2000,100.00,2.9450,101.00,1.0000,0.0000,1012.3
16:18:47 08/02/0024,37.768082,-122.49072,40.700,3.2000,100.00,2.9450,101.00,1.0000,0.0000,1012.2
16:18:49 08/02/0024,37.768162,-122.49058,40.599,3.2000,100.00,2.9450,101.00,1.0000,0.0000,1012.3
16:18:50 08/02/0024,37.768204,-122.49052,40.500,3.1000,100.00,2.9450,101.00,1.0000,0.0000,1012.3
16:18:52 08/02/0024,37.768314,-122.49043,40.400,3.1000,100.00,2.9450,101.00,1.0000,0.0000,1012.2
16:18:53 08/02/0024,37.768375,-122.49039,40.400,3.1000,100.00,2.9450,101.00,1.0000,0.0000,1012.1
16:18:55 08/02/0024,37.768497,-122.49031,40.500,3.0000,99.910,2.9450,101.00,1.0000,0.0000,1012.2
16:18:57 08/02/0024,37.768639,-122.49028,40.900,3.0000,99.639,2.9400,101.00,1.0000,0.0000,1012.2
16:18:58 08/02/0024,37.768700,-122.49028,41.000,3.0000,99.370,2.9400,101.00,1.0000,0.0000,1012.2
16:19:00 08/02/0024,37.768826,-122.49030,41.000,3.0000,99.220,2.9400,101.00,1.0000,0.0000,1012.2
16:19:01 08/02/0024,37.768890,-122.49032,41.000,3.0000,98.940,2.9350,101.00,1.0000,0.0000,1012.1
16:19:03 08/02/0024,37.769012,-122.49039,41.099,3.1000,98.790,2.9350,101.00,1.0000,0.0000,1012.1
16:19:05 08/02/0024,37.769119,-122.49048,41.400,3.0000,98.510,2.9350,101.00,1.0000,0.0000,1012.2
16:19:06 08/02/0024,37.769173,-122.49053,41.500,3.0000,98.389,2.9300,101.00,1.0000,0.0000,1012.2
16:19:08 08/02/0024,37.769260,-122.49066,42.000,3.0000,98.190,2.9300,101.00,1.0000,0.0000,1012.2
16:19:09 08/02/0024,37.769299,-122.49073,42.299,3.0000,98.050,2.9250,101.00,1.0000,0.0000,1012.2
16:19:11 08/02/0024,37.769344,-122.49090,43.299,3.0000,98.019,2.9200,101.00,1.0000,0.0000,1012.2
16:19:13 08/02/0024,37.769371,-122.49108,43.400,3.0000,97.970,2.9150,101.00,1.0000,0.0000,1012.2
16:19:14 08/02/0024,37.769371,-122.49118,43.500,3.0000,97.970,2.9150,101.00,1.0000,0.0000,1012.3
16:19:16 08/02/0024,37.769363,-122.49136,43.299,3.0000,97.989,2.9100,101.00,1.0000,0.0000,1012.3
16:19:17 08/02/0024,37.769352,-122.49145,43.500,3.2000,97.989,2.9050,101.00,1.0000,0.0000,1012.3
16:19:19 08/02/0024,37.769299,-122.49162,42.700,3.2000,98.000,2.9000,101.00,1.0000,0.0000,1012.3
16:19:21 08/02/0024,37.769253,-122.49179,42.400,3.3000,98.080,2.8950,101.00,1.0000,0.0000,1012.3
16:19:22 08/02/0024,37.769234,-122.49187,42.299,3.3000,98.129,2.8900,101.00,1.0000,0.0000,1012.3
16:19:24 08/02/0024,37.769176,-122.49204,42.500,3.4000,98.290,2.8850,101.00,1.0000,0.0000,1012.3
16:19:25 08/02/0024,37.769154,-122.49213,42.400,3.4000,98.470,2.8750,101.00,1.0000,0.0000,1012.3
16:19:27 08/02/0024,37.769100,-122.49230,42.500,3.4000,98.570,2.8700,101.00,1.0000,0.0000,1012.3
16:19:29 08/02/0024,37.769054,-122.49245,42.500,3.4000,98.800,2.8650,101.00,1.0000,0.0000,1012.3
16:19:30 08/02/0024,37.769035,-122.49254,42.099,3.4000,98.900,2.8600,101.00,1.0000,0.0000,1012.3
16:19:32 08/02/0024,37.768982,-122.49271,40.799,3.4000,99.120,2.8550,101.00,1.0000,0.0000,1012.3
16:19:34 08/02/0024,37.768932,-122.49288,39.799,3.4000,99.370,2.8500,101.00,1.0000,0.0000,1012.3
16:19:35 08/02/0024,37.768906,-122.49298,39.400,3.4000,99.500,2.8450,101.00,1.0000,0.0000,1012.3
16:19:37 08/02/0024,37.768856,-122.49314,38.700,3.3000,99.750,2.8450,101.00,1.0000,0.0000,1012.3
16:19:38 08/02/0024,37.768833,-122.49322,38.700,3.3000,99.879,2.8400,101.00,1.0000,0.0000,1012.3
16:19:40 08/02/0024,37.768787,-122.49338,38.400,3.3000,100.00,2.8350,101.00,1.0000,0.0000,1012.4
16:19:42 08/02/0024,37.768738,-122.49355,38.400,3.3000,100.00,2.8350,101.00,1.0000,0.0000,1012.4
16:19:43 08/02/0024,37.768715,-122.49362,38.000,3.2000,100.00,2.8350,101.00,1.0000,0.0000,1012.4
16:19:45 08/02/0024,37.768677,-122.49379,37.599,3.2000,100.00,2.8300,101.00,1.0000,0.0000,1012.4
16:19:46 08/02/0024,37.768654,-122.49388,37.299,3.3000,100.00,2.8300,101.00,1.0000,0.0000,1012.4
16:19:48 08/02/0024,37.768608,-122.49404,38.500,3.4000,100.00,2.8300,101.00,1.0000,0.0000,1012.4
16:19:50 08/02/0024,37.768562,-122.49419,38.500,3.4000,100.00,2.8300,101.00,1.0000,0.0000,1012.4
16:19:51 08/02/0024,37.768539,-122.49427,38.500,3.4000,100.00,2.8300,101.00,1.0000,0.0000,1012.4
16:19:53 08/02/0024,37.768494,-122.49442,38.599,3.3000,100.00,2.8300,101.00,1.0000,0.0000,1012.4
16:19:54 08/02/0024,37.768478,-122.49449,38.900,3.3000,100.00,2.8300,101.00,1.0000,0.0000,1012.4
16:19:56 08/02/0024,37.768429,-122.49465,38.799,3.3000,100.00,2.8300,101.00,1.0000,0.0000,1012.4
16:19:58 08/02/0024,37.768368,-122.49481,38.799,3.3000,100.00,2.8300,101.00,1.0000,0.0000,1012.4
16:19:59 08/02/0024,37.768337,-122.49488,38.799,3.2000,100.00,2.8300,101.00,1.0000,0.0000,1012.3
16:20:01 08/02/0024,37.768253,-122.49502,38.500,3.3000,100.00,2.8350,101.00,1.0000,0.0000,1012.3
16:20:02 08/02/0024,37.768200,-122.49509,38.500,3.2000,100.00,2.8350,101.00,1.0000,0.0000,1012.3
16:20:04 08/02/0024,37.768074,-122.49519,38.400,3.4000,100.00,2.8350,101.00,1.0000,0.0000,1012.3
16:20:06 08/02/0024,37.767948,-122.49527,38.000,3.5000,100.00,2.8350,101.00,1.0000,0.0000,1012.3
16:20:07 08/02/0024,37.767883,-122.49528,37.799,3.6000,100.00,2.8350,101.00,1.0000,0.0000,1012.3
16:20:09 08/02/0024,37.767754,-122.49529,37.599,3.7000,100.00,2.8400,101.00,1.0000,0.0000,1012.3
16:20:10 08/02/0024,37.767685,-122.49529,37.400,3.7000,100.00,2.8400,101.00,1.0000,0.0000,1012.3
16:20:12 08/02/0024,37.767555,-122.49525,38.200,3.8000,100.00,2.8400,101.00,1.0000,0.0000,1012.3
16:20:14 08/02/0024,37.767429,-122.49520,38.299,3.8000,100.00,2.8400,101.00,1.0000,0.0000,1012.3
16:20:15 08/02/0024,37.767368,-122.49517,38.599,3.8000,100.00,2.8450,101.00,1.0000,0.0000,1012.3
16:20:17 08/02/0024,37.767265,-122.49506,38.900,3.8000,100.00,2.8450,101.00,1.0000,0.0000,1012.3
16:20:18 08/02/0024,37.767216,-122.49500,38.700,3.8000,100.00,2.8500,101.00,1.0000,0.0000,1012.3
16:20:20 08/02/0024,37.767128,-122.49485,38.799,3.9000,100.00,2.8550,101.00,1.0000,0.0000,1012.3
16:20:22 08/02/0024,37.767056,-122.49469,38.400,3.9000,100.00,2.8550,101.00,1.0000,0.0000,1012.4
16:20:23 08/02/0024,37.767033,-122.49462,38.099,3.9000,100.00,2.8600,101.00,1.0000,0.0000,1012.3
16:20:25 08/02/0024,37.767010,-122.49442,38.099,3.9000,100.00,2.8600,101.00,1.0000,0.0000,1012.4
16:20:26 08/02/0024,37.767002,-122.49433,37.599,3.8000,100.00,2.8650,101.00,1.0000,0.0000,1012.4
16:20:28 08/02/0024,37.767010,-122.49415,36.799,3.6000,100.00,2.8700,101.00,1.0000,0.0000,1012.3
16:20:30 08/02/0024,37.767052,-122.49398,36.700,3.5000,100.00,2.8750,101.00,1.0000,0.0000,1012.4
16:20:31 08/02/0024,37.767078,-122.49390,36.599,3.4000,100.00,2.8800,101.00,1.0000,0.0000,1012.4
16:20:33 08/02/0024,37.767132,-122.49373,36.900,3.4000,100.00,2.8800,101.00,1.0000,0.0000,1012.4
16:20:34 08/02/0024,37.767162,-122.49366,37.099,3.4000,100.00,2.8850,101.00,1.0000,0.0000,1012.3
16:20:36 08/02/0024,37.767216,-122.49347,37.099,3.3000,100.00,2.8900,101.00,1.0000,0.0000,1012.3
16:20:38 08/02/0024,37.767269,-122.49330,37.000,3.3000,100.00,2.8950,101.00,1.0000,0.0000,1012.4
16:20:39 08/02/0024,37.767300,-122.49323,37.000,3.3000,100.00,2.9000,100.00,1.0000,0.0000,1012.4
16:20:41 08/02/0024,37.767357,-122.49307,37.099,3.3000,100.00,2.9000,100.00,1.0000,0.0000,1012.3
16:20:42 08/02/0024,37.767376,-122.49298,37.299,3.3000,100.00,2.9050,100.00,1.0000,0.0000,1012.4
16:20:44 08/02/0024,37.767418,-122.49283,38.200,3.3000,100.00,2.9100,100.00,1.0000,0.0000,1012.3
16:20:46 08/02/0024,37.767467,-122.49269,38.900,3.3000,100.00,2.9150,100.00,1.0000,0.0000,1012.3
16:20:47 08/02/0024,37.767490,-122.49262,39.400,3.3000,100.00,2.9150,100.00,1.0000,0.0000,1012.3
16:20:49 08/02/0024,37.767536,-122.49247,40.299,3.3000,100.00,2.9200,100.00,1.0000,0.0000,1012.3
16:20:50 08/02/0024,37.767559,-122.49239,40.900,3.4000,100.00,2.9200,100.00,1.0000,0.0000,1012.4
16:20:52 08/02/0024,37.767605,-122.49224,41.400,3.4000,99.980,2.9200,100.00,1.0000,0.0000,1012.3
16:20:54 08/02/0024,37.767639,-122.49211,41.900,3.4000,99.839,2.9250,100.00,1.0000,0.0000,1012.3
16:20:55 08/02/0024,37.767662,-122.49203,42.099,3.3000,99.739,2.9250,100.00,1.0000,0.0000,1012.3
16:20:57 08/02/0024,37.767704,-122.49187,42.099,3.3000,99.709,2.9250,100.00,1.0000,0.0000,1012.3
16:20:58 08/02/0024,37.767727,-122.49181,42.400,3.3000,99.660,2.9300,100.00,1.0000,0.0000,1012.3
16:21:00 08/02/0024,37.767769,-122.49166,42.299,3.3000,99.629,2.9300,100.00,1.0000,0.0000,1012.3
16:21:02 08/02/0024,37.767811,-122.49152,42.299,3.2000,99.610,2.9300,100.00,1.0000,0.0000,1012.3
16:21:03 08/02/0024,37.767838,-122.49145,42.200,3.2000,99.599,2.9300,100.00,1.0000,0.0000,1012.3
16:21:05 08/02/0024,37.767883,-122.49130,42.400,3.1000,99.559,2.9300,100.00,1.0000,0.0000,1012.3
16:21:06 08/02/0024,37.767902,-122.49124,42.700,3.1000,99.470,2.9350,100.00,1.0000,0.0000,1012.3
16:21:08 08/02/0024,37.767956,-122.49108,42.799,3.1000,99.410,2.9350,100.00,1.0000,0.0000,1012.3
16:21:10 08/02/0024,37.768005,-122.49092,42.900,3.1000,99.330,2.9350,100.00,1.0000,0.0000,1012.3
16:21:11 08/02/0024,37.768040,-122.49082,43.200,3.1000,99.290,2.9350,100.00,1.0000,0.0000,1012.3
16:21:13 08/02/0024,37.768089,-122.49070,42.900,3.2000,99.209,2.9350,100.00,1.0000,0.0000,1012.3
16:21:14 08/02/0024,37.768120,-122.49063,43.099,3.3000,99.190,2.9350,100.00,1.0000,0.0000,1012.2
16:21:16 08/02/0024,37.768204,-122.49053,43.000,3.3000,99.190,2.9350,100.00,1.0000,0.0000,1012.2
16:21:18 08/02/0024,37.768299,-122.49043,42.799,3.3000,99.180,2.9350,100.00,1.0000,0.0000,1012.2
16:21:19 08/02/0024,37.768356,-122.49041,42.700,3.3000,99.160,2.9350,100.00,1.0000,0.0000,1012.2
16:21:21 08/02/0024,37.768467,-122.49035,43.299,3.3000,99.150,2.9350,100.00,1.0000,0.0000,1012.2
16:21:22 08/02/0024,37.768536,-122.49032,43.700,3.2000,99.169,2.9400,100.00,1.0000,0.0000,1012.2
16:21:24 08/02/0024,37.768658,-122.49031,44.200,3.2000,99.199,2.9400,100.00,1.0000,0.0000,1012.2
16:21:26 08/02/0024,37.768776,-122.49032,44.099,3.1000,99.320,2.9400,100.00,1.0000,0.0000,1012.2
16:21:27 08/02/0024,37.768837,-122.49034,44.099,3.1000,99.400,2.9400,100.00,1.0000,0.0000,1012.2
16:21:29 08/02/0024,37.768951,-122.49039,43.500,3.0000,99.610,2.9400,100.00,1.0000,0.0000,1012.2
16:21:30 08/02/0024,37.769005,-122.49041,43.200,3.0000,99.709,2.9400,100.00,1.0000,0.0000,1012.2
16:21:32 08/02/0024,37.769093,-122.49050,43.000,2.9000,99.940,2.9400,101.00,1.0000,0.0000,1012.2
16:21:34 08/02/0024,37.769176,-122.49060,43.200,3.0000,100.00,2.9400,101.00,1.0000,0.0000,1012.2
16:21:35 08/02/0024,37.769218,-122.49067,42.900,3.0000,100.00,2.9400,101.00,1.0000,0.0000,1012.2
16:21:37 08/02/0024,37.769302,-122.49080,41.099,3.2000,100.00,2.9400,101.00,1.0000,0.0000,1012.2
16:21:38 08/02/0024,37.769333,-122.49086,41.099,3.3000,100.00,2.9400,101.00,1.0000,0.0000,1012.2
16:21:40 08/02/0024,37.769375,-122.49103,40.799,3.4000,100.00,2.9450,101.00,1.0000,0.0000,1012.3
16:21:42 08/02/0024,37.769390,-122.49120,40.799,3.5000,100.00,2.9450,101.00,1.0000,0.0000,1012.2
16:21:43 08/02/0024,37.769382,-122.49128,41.200,3.5000,100.00,2.9450,101.00,1.0000,0.0000,1012.2
16:21:45 08/02/0024,37.769363,-122.49144,41.000,3.6000,100.00,2.9450,101.00,1.0000,0.0000,1012.3
16:21:46 08/02/0024,37.769344,-122.49153,41.099,3.6000,100.00,2.9450,101.00,1.0000,0.0000,1012.3
16:21:48 08/02/0024,37.769299,-122.49168,41.200,3.5000,99.930,2.9450,101.00,1.0000,0.0000,1012.3
16:21:50 08/02/0024,37.769253,-122.49183,41.400,3.5000,99.779,2.9450,101.00,1.0000,0.0000,1012.3
16:21:51 08/02/0024,37.769234,-122.49192,41.700,3.5000,99.739,2.9450,101.00,1.0000,0.0000,1012.3
16:21:53 08/02/0024,37.769180,-122.49207,42.599,3.5000,99.730,2.9450,101.00,1.0000,0.0000,1012.3
16:21:54 08/02/0024,37.769154,-122.49214,42.700,3.5000,99.750,2.9450,101.00,1.0000,0.0000,1012.4
16:21:56 08/02/0024,37.769115,-122.49231,43.000,3.5000,99.820,2.9450,101.00,1.0000,0.0000,1012.3
16:21:58 08/02/0024,37.769070,-122.49247,43.500,3.6000,99.970,2.9450,101.00,1.0000,0.0000,1012.4
16:21:59 08/02/0024,37.769051,-122.49255,43.400,3.6000,100.00,2.9450,101.00,1.0000,0.0000,1012.4
16:22:01 08/02/0024,37.769005,-122.49271,42.900,3.6000,100.00,2.9450,101.00,1.0000,0.0000,1012.4
16:22:03 08/02/0024,37.768955,-122.49287,42.599,3.6000,100.00,2.9450,101.00,1.0000,0.0000,1012.4
16:22:04 08/02/0024,37.768936,-122.49295,42.500,3.6000,100.00,2.9450,101.00,1.0000,0.0000,1012.3
16:22:06 08/02/0024,37.768894,-122.49311,41.900,3.6000,100.00,2.9450,101.00,1.0000,0.0000,1012.4
16:22:07 08/02/0024,37.768871,-122.49319,41.900,3.5000,100.00,2.9450,101.00,1.0000,0.0000,1012.4
16:22:09 08/02/0024,37.768822,-122.49334,41.299,3.5000,100.00,2.9500,101.00,1.0000,0.0000,1012.4
16:22:11 08/02/0024,37.768776,-122.49351,40.900,3.5000,100.00,2.9500,101.00,1.0000,0.0000,1012.4
16:22:12 08/02/0024,37.768757,-122.49359,41.099,3.4000,100.00,2.9500,101.00,1.0000,0.0000,1012.4
16:22:14 08/02/0024,37.768700,-122.49375,41.500,3.4000,100.00,2.9500,101.00,1.0000,0.0000,1012.4
16:22:15 08/02/0024,37.768677,-122.49383,42.500,3.4000,100.00,2.9500,101.00,1.0000,0.0000,1012.4
16:22:17 08/02/0024,37.768631,-122.49400,42.900,3.3000,100.00,2.9500,101.00,1.0000,0.0000,1012.4
16:22:19 08/02/0024,37.768581,-122.49417,42.799,3.3000,100.00,2.9500,101.00,1.0000,0.0000,1012.3
16:22:20 08/02/0024,37.768559,-122.49424,42.700,3.3000,100.00,2.9500,101.00,1.0000,0.0000,1012.4
16:22:22 08/02/0024,37.768513,-122.49440,42.299,3.3000,100.00,2.9550,101.00,1.0000,0.0000,1012.3
16:22:23 08/02/0024,37.768486,-122.49446,42.099,3.3000,100.00,2.9550,101.00,1.0000,0.0000,1012.4
16:22:25 08/02/0024,37.768440,-122.49462,42.299,3.3000,100.00,2.9550,101.00,1.0000,0.0000,1012.3
16:22:27 08/02/0024,37.768398,-122.49477,43.000,3.3000,100.00,2.9550,101.00,1.0000,0.0000,1012.4
16:22:28 08/02/0024,37.768364,-122.49485,43.000,3.3000,100.00,2.9600,101.00,1.0000,0.0000,1012.3
16:22:30 08/02/0024,37.768280,-122.49498,42.799,3.3000,100.00,2.9600,101.00,1.0000,0.0000,1012.4
16:22:31 08/02/0024,37.768234,-122.49505,43.299,3.3000,100.00,2.9650,101.00,1.0000,0.0000,1012.4
16:22:33 08/02/0024,37.768135,-122.49515,44.000,3.3000,100.00,2.9650,101.00,1.0000,0.0000,1012.3
16:22:35 08/02/0024,37.768021,-122.49521,44.700,83.800,100.00,2.9700,101.00,1.0000,0.0000,1012.3
16:22:36 08/02/0024,37.767963,-122.49524,44.700,44.000,100.00,2.9700,101.00,1.0000,0.0000,1012.3
16:22:38 08/02/0024,37.767838,-122.49527,44.400,29.000,100.00,2.9750,101.00,1.0000,0.0000,1012.3
16:22:39 08/02/0024,37.767776,-122.49528,44.200,11.700,100.00,2.9750,101.00,1.0000,0.0000,1012.3
16:22:41 08/02/0024,37.767658,-122.49527,44.200,8.3000,100.00,2.9800,101.00,1.0000,0.0000,1012.3
16:22:43 08/02/0024,37.767540,-122.49523,44.500,3.8000,100.00,2.9850,101.00,1.0000,0.0000,1012.3
16:22:44 08/02/0024,37.767487,-122.49520,44.400,3.2000,100.00,2.9900,101.00,1.0000,0.0000,1012.3
16:22:46 08/02/0024,37.767376,-122.49513,44.900,2.8000,100.00,2.9950,101.00,1.0000,0.0000,1012.3
16:22:47 08/02/0024,37.767326,-122.49509,45.000,2.7000,100.00,3.0000,101.00,1.0000,0.0000,1012.3
16:22:49 08/02/0024,37.767235,-122.49500,44.599,2.8000,100.00,3.0000,101.00,1.0000,0.0000,1012.3
16:22:51 08/02/0024,37.767151,-122.49488,44.200,2.9000,100.00,3.0100,101.00,1.0000,0.0000,1012.3
16:22:52 08/02/0024,37.767113,-122.49482,43.700,3.2000,100.00,3.0150,101.00,1.0000,0.0000,1012.3
16:22:54 08/02/0024,37.767052,-122.49468,43.200,2.5000,100.00,3.0200,101.00,1.0000,0.0000,1012.3
16:22:55 08/02/0024,37.767029,-122.49462,42.900,3.0000,100.00,3.0300,101.00,1.0000,0.0000,1012.4
16:22:57 08/02/0024,37.767002,-122.49446,41.599,2.8000,100.00,3.0300,101.00,1.0000,0.0000,1012.4
16:22:59 08/02/0024,37.766994,-122.49430,40.900,2.6000,100.00,3.0400,101.00,1.0000,0.0000,1012.3
16:23:00 08/02/0024,37.767002,-122.49424,40.500,2.4000,100.00,3.0450,101.00,1.0000,0.0000,1012.3
16:23:02 08/02/0024,37.767029,-122.49409,39.700,1.9000,100.00,3.0550,101.00,1.0000,0.0000,1012.4
16:23:03 08/02/0024,37.767048,-122.49401,39.900,1.9000,100.00,3.0600,101.00,1.0000,0.0000,1012.4
16:23:05 08/02/0024,37.767101,-122.49387,40.099,1.9000,100.00,3.0650,101.00,1.0000,0.0000,1012.3
16:23:07 08/02/0024,37.767159,-122.49373,40.500,2.2000,100.00,3.0750,101.00,1.0000,0.0000,1012.4
16:23:08 08/02/0024,37.767178,-122.49366,40.700,2.4000,100.00,3.0750,101.00,1.0000,0.0000,1012.3
16:23:10 08/02/0024,37.767231,-122.49351,41.200,2.7000,100.00,3.0850,101.00,1.0000,0.0000,1012.4
16:23:11 08/02/0024,37.767254,-122.49343,41.400,2.8000,100.00,3.0900,101.00,1.0000,0.0000,1012.3
16:23:13 08/02/0024,37.767296,-122.49328,41.400,2.9000,100.00,3.0950,101.00,1.0000,0.0000,1012.3
16:23:15 08/02/0024,37.767342,-122.49313,41.400,3.0000,100.00,3.1000,101.00,1.0000,0.0000,1012.4
16:23:16 08/02/0024,37.767365,-122.49305,41.400,3.0000,100.00,3.1000,101.00,1.0000,0.0000,1012.3
16:23:18 08/02/0024,37.767414,-122.49290,41.599,3.0000,100.00,3.1050,101.00,1.0000,0.0000,1012.3
16:23:19 08/02/0024,37.767437,-122.49282,42.000,3.0000,100.00,3.1100,101.00,1.0000,0.0000,1012.3
16:23:21 08/02/0024,37.767487,-122.49266,41.700,3.0000,100.00,3.1100,101.00,1.0000,0.0000,1012.3
16:23:23 08/02/0024,37.767536,-122.49249,41.400,3.0000,100.00,3.1150,101.00,1.0000,0.0000,1012.3
16:23:24 08/02/0024,37.767563,-122.49241,41.599,3.0000,100.00,3.1150,101.00,1.0000,0.0000,1012.3
16:23:26 08/02/0024,37.767612,-122.49226,41.700,2.9000,100.00,3.1200,101.00,1.0000,0.0000,1012.3
16:23:27 08/02/0024,37.767632,-122.49218,41.400,2.9000,100.00,3.1200,101.00,1.0000,0.0000,1012.3
16:23:29 08/02/0024,37.767681,-122.49203,41.299,2.9000,100.00,3.1200,101.00,1.0000,0.0000,1012.3
16:23:31 08/02/0024,37.767719,-122.49187,40.900,2.9000,100.00,3.1250,101.00,1.0000,0.0000,1012.3
16:23:32 08/02/0024,37.767742,-122.49179,40.700,3.0000,100.00,3.1250,101.00,1.0000,0.0000,1012.3
16:23:34 08/02/0024,37.767784,-122.49163,41.000,3.1000,100.00,3.1250,101.00,1.0000,0.0000,1012.3
16:23:35 08/02/0024,37.767803,-122.49156,40.799,3.1000,100.00,3.1250,101.00,1.0000,0.0000,1012.3
16:23:37 08/02/0024,37.767857,-122.49139,40.400,3.1000,100.00,3.1250,101.00,1.0000,0.0000,1012.3
16:23:39 08/02/0024,37.767902,-122.49124,40.500,3.1000,100.00,3.1300,101.00,1.0000,0.0000,1012.3
16:23:40 08/02/0024,37.767925,-122.49115,40.500,3.1000,100.00,3.1300,101.00,1.0000,0.0000,1012.3
16:23:42 08/02/0024,37.767971,-122.49099,40.700,3.2000,100.00,3.1300,101.00,1.0000,0.0000,1012.3
16:23:43 08/02/0024,37.767994,-122.49092,41.000,3.2000,100.00,3.1300,101.00,1.0000,0.0000,1012.3
16:23:45 08/02/0024,37.768040,-122.49079,40.900,3.3000,100.00,3.1300,101.00,1.0000,0.0000,1012.3
16:23:47 08/02/0024,37.768112,-122.49066,41.400,3.3000,100.00,3.1300,101.00,1.0000,0.0000,1012.2
16:23:48 08/02/0024,37.768154,-122.49060,41.700,3.3000,100.00,3.1300,101.00,1.0000,0.0000,1012.2
16:23:50 08/02/0024,37.768242,-122.49049,42.000,3.2000,100.00,3.1300,101.00,1.0000,0.0000,1012.3
16:23:51 08/02/0024,37.768291,-122.49045,42.200,3.2000,100.00,3.1300,101.00,1.0000,0.0000,1012.2
16:23:53 08/02/0024,37.768387,-122.49037,42.200,3.1000,100.00,3.1300,101.00,1.0000,0.0000,1012.2
16:23:55 08/02/0024,37.768501,-122.49034,42.900,3.0000,100.00,3.1300,101.00,1.0000,0.0000,1012.2
16:23:56 08/02/0024,37.768559,-122.49031,43.500,3.0000,100.00,3.1300,102.00,1.0000,0.0000,1012.2
16:23:58 08/02/0024,37.768669,-122.49030,44.299,2.9000,100.00,3.1300,102.00,1.0000,0.0000,1012.2
16:23:59 08/02/0024,37.768726,-122.49030,44.200,2.9000,100.00,3.1300,102.00,1.0000,0.0000,1012.1
16:24:01 08/02/0024,37.768833,-122.49032,44.400,2.9000,100.00,3.1300,102.00,1.0000,0.0000,1012.1
16:24:03 08/02/0024,37.768936,-122.49037,44.400,2.9000,100.00,3.1300,102.00,1.0000,0.0000,1012.2
16:24:04 08/02/0024,37.768982,-122.49041,44.000,2.9000,100.00,3.1300,103.00,1.0000,0.0000,1012.2
16:24:06 08/02/0024,37.769085,-122.49048,43.700,3.0000,100.00,3.1300,103.00,1.0000,0.0000,1012.2
16:24:07 08/02/0024,37.769135,-122.49052,43.599,3.0000,100.00,3.1300,104.00,1.0000,0.0000,1012.2
16:24:09 08/02/0024,37.769222,-122.49063,42.900,3.1000,100.00,3.1350,104.00,1.0000,0.0000,1012.2
16:24:11 08/02/0024,37.769291,-122.49076,43.500,3.1000,100.00,3.1350,105.00,1.0000,0.0000,1012.2
16:24:12 08/02/0024,37.769325,-122.49082,43.700,3.2000,100.00,3.1350,106.00,1.0000,0.0000,1012.2
16:24:14 08/02/0024,37.769371,-122.49098,43.799,3.3000,100.00,3.1350,107.00,1.0000,0.0000,1012.2
16:24:15 08/02/0024,37.769390,-122.49105,43.700,3.3000,100.00,3.1350,107.00,1.0000,0.0000,1012.3
16:24:17 08/02/0024,37.769398,-122.49122,43.799,3.5000,100.00,3.1350,108.00,1.0000,0.0000,1012.3
16:24:19 08/02/0024,37.769390,-122.49139,43.500,3.5000,100.00,3.1350,108.00,1.0000,0.0000,1012.3
16:24:20 08/02/0024,37.769371,-122.49147,43.400,3.6000,100.00,3.1400,109.00,1.0000,0.0000,1012.3
16:24:22 08/02/0024,37.769325,-122.49163,43.200,3.6000,100.00,3.1400,110.00,1.0000,0.0000,1012.3
16:24:24 08/02/0024,37.769272,-122.49179,42.900,3.6000,100.00,3.1400,110.00,1.0000,0.0000,1012.3
16:24:25 08/02/0024,37.769241,-122.49187,42.400,3.6000,100.00,3.1400,110.00,1.0000,0.0000,1012.3
16:24:27 08/02/0024,37.769192,-122.49203,41.599,3.6000,100.00,3.1400,110.00,1.0000,0.0000,1012.3
16:24:28 08/02/0024,37.769173,-122.49211,41.299,3.6000,100.00,3.1450,110.00,1.0000,0.0000,1012.3
16:24:30 08/02/0024,37.769131,-122.49227,42.000,3.6000,100.00,3.1450,110.00,1.0000,0.0000,1012.3
16:24:32 08/02/0024,37.769081,-122.49243,41.599,3.6000,100.00,3.1450,109.00,1.0000,0.0000,1012.3
16:24:33 08/02/0024,37.769062,-122.49251,40.799,3.6000,100.00,3.1450,109.00,1.0000,0.0000,1012.3
16:24:35 08/02/0024,37.769016,-122.49267,39.900,3.6000,100.00,3.1500,109.00,1.0000,0.0000,1012.4
16:24:36 08/02/0024,37.768993,-122.49275,39.400,3.6000,100.00,3.1500,108.00,1.0000,0.0000,1012.3
16:24:38 08/02/0024,37.768948,-122.49291,38.700,3.5000,100.00,3.1500,108.00,1.0000,0.0000,1012.4
16:24:40 08/02/0024,37.768894,-122.49308,37.700,3.4000,100.00,3.1500,108.00,1.0000,0.0000,1012.4
16:24:41 08/02/0024,37.768875,-122.49317,37.400,3.3000,100.00,3.1550,108.00,1.0000,0.0000,1012.3
16:24:43 08/02/0024,37.768829,-122.49334,37.900,3.3000,100.00,3.1550,108.00,1.0000,0.0000,1012.4
16:24:44 08/02/0024,37.768803,-122.49341,38.099,3.2000,100.00,3.1550,107.00,1.0000,0.0000,1012.3
16:24:46 08/02/0024,37.768749,-122.49358,39.000,3.2000,100.00,3.1600,107.00,1.0000,0.0000,1012.4
16:24:48 08/02/0024,37.768696,-122.49375,39.200,3.1000,100.00,3.1600,107.00,1.0000,0.0000,1012.4
16:24:49 08/02/0024,37.768673,-122.49385,39.299,3.1000,100.00,3.1650,107.00,1.0000,0.0000,1012.4
16:24:51 08/02/0024,37.768627,-122.49401,39.400,3.0000,100.00,3.1650,107.00,1.0000,0.0000,1012.4
16:24:52 08/02/0024,37.768600,-122.49409,39.299,3.0000,100.00,3.1700,107.00,1.0000,0.0000,1012.4
16:24:54 08/02/0024,37.768551,-122.49426,39.299,2.9000,100.00,3.1700,107.00,1.0000,0.0000,1012.3
16:24:56 08/02/0024,37.768501,-122.49442,39.299,2.9000,100.00,3.1750,107.00,1.0000,0.0000,1012.4
16:24:57 08/02/0024,37.768478,-122.49449,39.500,2.9000,100.00,3.1750,107.00,1.0000,0.0000,1012.4
16:24:59 08/02/0024,37.768429,-122.49466,40.400,2.8000,100.00,3.1800,107.00,1.0000,0.0000,1012.4
16:25:00 08/02/0024,37.768398,-122.49474,40.500,2.8000,100.00,3.1850,107.00,1.0000,0.0000,1012.4
16:25:02 08/02/0024,37.768333,-122.49489,40.400,2.8000,100.00,3.1900,107.00,1.0000,0.0000,1012.3
16:25:04 08/02/0024,37.768246,-122.49504,39.900,2.8000,100.00,3.1950,107.00,1.0000,0.0000,1012.3
16:25:05 08/02/0024,37.768192,-122.49510,39.900,2.8000,100.00,3.2000,106.00,1.0000,0.0000,1012.3
16:25:07 08/02/0024,37.768063,-122.49519,39.400,2.9000,100.00,3.2050,106.00,1.0000,0.0000,1012.3
16:25:08 08/02/0024,37.768002,-122.49523,39.500,2.8000,100.00,3.2100,106.00,1.0000,0.0000,1012.3
16:25:10 08/02/0024,37.767872,-122.49528,39.200,2.8000,100.00,3.2150,106.00,1.0000,0.0000,1012.3
16:25:12 08/02/0024,37.767738,-122.49529,38.900,2.8000,100.00,3.2250,106.00,1.0000,0.0000,1012.3
16:25:13 08/02/0024,37.767673,-122.49528,39.299,2.8000,100.00,3.2300,106.00,1.0000,0.0000,1012.3
16:25:15 08/02/0024,37.767544,-122.49525,40.400,2.8000,100.00,3.2350,106.00,1.0000,0.0000,1012.3
16:25:16 08/02/0024,37.767483,-122.49523,40.799,2.8000,100.00,3.2450,106.00,1.0000,0.0000,1012.3
16:25:18 08/02/0024,37.767353,-122.49515,41.000,2.9000,100.00,3.2500,106.00,1.0000,0.0000,1012.3
16:25:20 08/02/0024,37.767242,-122.49505,41.700,3.0000,100.00,3.2600,106.00,1.0000,0.0000,1012.3
16:25:21 08/02/0024,37.767197,-122.49498,41.700,3.1000,100.00,3.2650,106.00,1.0000,0.0000,1012.3
16:25:23 08/02/0024,37.767124,-122.49485,41.900,3.2000,100.00,3.2750,105.00,1.0000,0.0000,1012.3
16:25:24 08/02/0024,37.767086,-122.49478,41.500,3.2000,100.00,3.2750,105.00,1.0000,0.0000,1012.3
16:25:26 08/02/0024,37.767036,-122.49462,42.000,3.2000,100.00,3.2850,105.00,1.0000,0.0000,1012.4
16:25:28 08/02/0024,37.767010,-122.49446,41.500,3.1000,100.00,3.2950,105.00,1.0000,0.0000,1012.3
16:25:29 08/02/0024,37.767006,-122.49438,41.599,3.1000,100.00,3.3000,105.00,1.0000,0.0000,1012.4
16:25:31 08/02/0024,37.767010,-122.49423,41.400,3.0000,100.00,3.3050,105.00,1.0000,0.0000,1012.4
16:25:32 08/02/0024,37.767021,-122.49414,41.799,3.0000,100.00,3.3100,105.00,1.0000,0.0000,1012.4
16:25:34 08/02/0024,37.767067,-122.49398,42.099,2.9000,100.00,3.3150,104.00,1.0000,0.0000,1012.4
16:25:36 08/02/0024,37.767117,-122.49382,41.400,2.9000,100.00,3.3250,104.00,1.0000,0.0000,1012.3
16:25:37 08/02/0024,37.767143,-122.49373,41.099,2.9000,100.00,3.3250,104.00,1.0000,0.0000,1012.4
16:25:39 08/02/0024,37.767197,-122.49358,40.799,2.9000,100.00,3.3300,104.00,1.0000,0.0000,1012.3
16:25:40 08/02/0024,37.767220,-122.49350,40.500,2.9000,100.00,3.3350,104.00,1.0000,0.0000,1012.3
16:25:42 08/02/0024,37.767265,-122.49334,40.400,2.8000,99.889,3.3400,104.00,1.0000,0.0000,1012.4
16:25:44 08/02/0024,37.767315,-122.49318,40.599,2.7000,99.489,3.3400,103.00,1.0000,0.0000,1012.3
16:25:45 08/02/0024,37.767338,-122.49311,40.500,2.7000,99.320,3.3450,103.00,1.0000,0.0000,1012.4
16:25:47 08/02/0024,37.767384,-122.49295,40.299,2.6000,99.010,3.3450,103.00,1.0000,0.0000,1012.3
16:25:48 08/02/0024,37.767406,-122.49287,40.500,2.6000,98.879,3.3450,103.00,1.0000,0.0000,1012.3
16:25:50 08/02/0024,37.767445,-122.49273,39.900,2.6000,98.650,3.3500,103.00,1.0000,0.0000,1012.3
16:25:52 08/02/0024,37.767494,-122.49259,39.900,2.6000,98.459,3.3500,103.00,1.0000,0.0000,1012.3
16:25:53 08/02/0024,37.767517,-122.49251,40.000,2.6000,98.400,3.3500,103.00,1.0000,0.0000,1012.3
16:25:55 08/02/0024,37.767567,-122.49237,39.700,2.5000,98.279,3.3500,103.00,1.0000,0.0000,1012.3
16:25:56 08/02/0024,37.767590,-122.49231,39.400,2.5000,98.220,3.3500,103.00,1.0000,0.0000,1012.3
16:25:58 08/02/0024,37.767632,-122.49215,39.299,2.4000,98.080,3.3500,103.00,1.0000,0.0000,1012.3
16:26:00 08/02/0024,37.767670,-122.49200,39.400,2.4000,98.040,3.3500,102.00,1.0000,0.0000,1012.3
16:26:01 08/02/0024,37.767693,-122.49194,39.500,2.3000,97.959,3.3500,102.00,1.0000,0.0000,1012.3
16:26:03 08/02/0024,37.767735,-122.49179,39.099,2.3000,97.980,3.3500,102.00,1.0000,0.0000,1012.3
16:26:04 08/02/0024,37.767754,-122.49172,39.299,2.3000,98.029,3.3500,102.00,1.0000,0.0000,1012.3
16:26:06 08/02/0024,37.767796,-122.49158,39.500,2.4000,98.169,3.3500,102.00,1.0000,0.0000,1012.3
16:26:08 08/02/0024,37.767838,-122.49145,39.599,2.4000,98.239,3.3500,102.00,1.0000,0.0000,1012.3
16:26:09 08/02/0024,37.767860,-122.49137,39.900,2.4000,98.370,3.3500,102.00,1.0000,0.0000,1012.3
16:26:11 08/02/0024,37.767902,-122.49124,40.400,2.4000,98.529,3.3500,102.00,1.0000,0.0000,1012.3
16:26:12 08/02/0024,37.767929,-122.49117,40.299,2.4000,98.629,3.3450,102.00,1.0000,0.0000,1012.3
16:26:14 08/02/0024,37.767971,-122.49103,40.500,2.4000,98.870,3.3450,102.00,1.0000,0.0000,1012.3
16:26:16 08/02/0024,37.768009,-122.49090,40.700,2.5000,99.010,3.3450,102.00,1.0000,0.0000,1012.3
16:26:17 08/02/0024,37.768028,-122.49084,40.700,2.5000,99.300,3.3450,102.00,1.0000,0.0000,1012.3
16:26:19 08/02/0024,37.768082,-122.49072,41.500,2.5000,99.610,3.3450,103.00,1.0000,0.0000,1012.3
16:26:20 08/02/0024,37.768112,-122.49067,41.700,2.5000,99.750,3.3450,103.00,1.0000,0.0000,1012.3
16:26:22 08/02/0024,37.768188,-122.49056,41.900,2.5000,100.00,3.3400,103.00,1.0000,0.0000,1012.2
16:26:24 08/02/0024,37.768261,-122.49047,42.099,2.6000,100.00,3.3400,103.00,1.0000,0.0000,1012.2
16:26:25 08/02/0024,37.768303,-122.49043,42.000,2.7000,100.00,3.3400,103.00,1.0000,0.0000,1012.2
16:26:27 08/02/0024,37.768406,-122.49037,43.000,2.7000,100.00,3.3400,103.00,1.0000,0.0000,1012.2
16:26:29 08/02/0024,37.768513,-122.49034,44.200,2.8000,100.00,3.3400,103.00,1.0000,0.0000,1012.2
16:26:30 08/02/0024,37.768570,-122.49031,44.500,2.9000,100.00,3.3350,104.00,1.0000,0.0000,1012.2
16:26:32 08/02/0024,37.768673,-122.49031,44.299,3.0000,100.00,3.3350,104.00,1.0000,0.0000,1012.2
16:26:33 08/02/0024,37.768723,-122.49031,44.599,3.1000,100.00,3.3350,104.00,1.0000,0.0000,1012.2
16:26:35 08/02/0024,37.768822,-122.49032,44.200,3.1000,100.00,3.3350,104.00,1.0000,0.0000,1012.1
16:26:37 08/02/0024,37.768917,-122.49037,44.200,3.2000,100.00,3.3350,105.00,1.0000,0.0000,1012.1
16:26:38 08/02/0024,37.768963,-122.49041,44.400,3.3000,100.00,3.3350,105.00,1.0000,0.0000,1012.2
16:26:40 08/02/0024,37.769051,-122.49047,44.200,3.3000,100.00,3.3350,105.00,1.0000,0.0000,1012.2
16:26:41 08/02/0024,37.769093,-122.49050,44.599,3.4000,100.00,3.3350,106.00,1.0000,0.0000,1012.2
16:26:43 08/02/0024,37.769173,-122.49060,44.599,3.4000,100.00,3.3350,106.00,1.0000,0.0000,1012.2
16:26:45 08/02/0024,37.769238,-122.49071,44.500,3.4000,100.00,3.3350,107.00,1.0000,0.0000,1012.2
16:26:46 08/02/0024,37.769272,-122.49077,43.700,3.5000,100.00,3.3350,108.00,1.0000,0.0000,1012.2
16:26:48 08/02/0024,37.769329,-122.49090,42.200,3.6000,100.00,3.3350,109.00,1.0000,0.0000,1012.2
16:26:49 08/02/0024,37.769352,-122.49098,42.200,3.8000,100.00,3.3350,110.00,1.0000,0.0000,1012.2
16:26:51 08/02/0024,37.769367,-122.49113,42.500,3.8000,100.00,3.3350,110.00,1.0000,0.0000,1012.3
16:26:53 08/02/0024,37.769371,-122.49130,42.799,3.9000,100.00,3.3350,111.00,1.0000,0.0000,1012.3
16:26:54 08/02/0024,37.769360,-122.49139,43.200,3.9000,100.00,3.3350,112.00,1.0000,0.0000,1012.3
16:26:56 08/02/0024,37.769325,-122.49156,43.700,4.0000,100.00,3.3350,113.00,1.0000,0.0000,1012.3
16:26:57 08/02/0024,37.769299,-122.49163,43.599,4.0000,100.00,3.3350,113.00,1.0000,0.0000,1012.3
16:26:59 08/02/0024,37.769241,-122.49179,42.700,4.0000,100.00,3.3400,113.00,1.0000,0.0000,1012.3
16:27:01 08/02/0024,37.769192,-122.49195,42.299,3.9000,100.00,3.3400,114.00,1.0000,0.0000,1012.3
16:27:02 08/02/0024,37.769165,-122.49203,42.200,3.9000,100.00,3.3400,114.00,1.0000,0.0000,1012.3
16:27:04 08/02/0024,37.769115,-122.49218,41.799,3.9000,100.00,3.3400,114.00,1.0000,0.0000,1012.3
16:27:05 08/02/0024,37.769096,-122.49226,42.000,3.8000,100.00,3.3400,114.00,1.0000,0.0000,1012.4
16:27:07 08/02/0024,37.769054,-122.49240,41.200,3.8000,100.00,3.3400,114.00,1.0000,0.0000,1012.3
16:27:09 08/02/0024,37.769012,-122.49253,40.599,3.8000,100.00,3.3450,113.00,1.0000,0.0000,1012.4
16:27:10 08/02/0024,37.768993,-122.49259,40.099,3.7000,100.00,3.3450,113.00,1.0000,0.0000,1012.4
16:27:12 08/02/0024,37.768963,-122.49272,39.500,3.7000,100.00,3.3450,113.00,1.0000,0.0000,1012.3
16:27:13 08/02/0024,37.768951,-122.49279,39.400,3.6000,100.00,3.3450,112.00,1.0000,0.0000,1012.4
16:27:15 08/02/0024,37.768929,-122.49288,38.500,3.6000,100.00,3.3500,112.00,1.0000,0.0000,1012.4
16:27:17 08/02/0024,37.768917,-122.49296,37.200,3.4000,100.00,3.3500,112.00,1.0000,0.0000,1012.4
16:27:18 08/02/0024,37.768917,-122.49298,36.500,3.4000,100.00,3.3550,111.00,1.0000,0.0000,1012.4
