TimeStamp,Latitude,Longitude,Altitude,PM25,RelativeHumidity,Temperature,vocIndex,noxIndex,ButtonPress,PressurehPa
03:24:53 08/02/0024,37.762459,-122.41848,27.900,3.8000,50.180,18.355,113.00,1.0000,0.0000,1009.1
03:24:55 08/02/0024,37.762459,-122.41847,28.000,3.8000,50.189,18.350,113.00,1.0000,0.0000,1009.1
03:24:56 08/02/0024,37.762463,-122.41847,28.000,3.9000,50.200,18.350,113.00,1.0000,0.0000,1009.1
03:24:58 08/02/0024,37.762463,-122.41845,28.000,3.9000,50.220,18.350,113.00,1.0000,0.0000,1009.1
03:25:00 08/02/0024,37.762463,-122.41845,28.000,3.9000,50.250,18.350,113.00,1.0000,0.0000,1009.1
03:25:01 08/02/0024,37.762463,-122.41845,28.000,3.8000,50.270,18.350,113.00,1.0000,0.0000,1009.1
03:25:03 08/02/0024,37.762466,-122.41845,28.000,3.8000,50.310,18.344,112.00,1.0000,0.0000,1009.1
03:25:04 08/02/0024,37.762466,-122.41844,28.000,3.8000,50.330,18.344,112.00,1.0000,0.0000,1009.1
03:25:06 08/02/0024,37.762466,-122.41844,28.000,3.8000,50.340,18.344,112.00,1.0000,0.0000,1009.1
03:25:08 08/02/0024,37.762470,-122.41844,28.100,3.7000,50.340,18.344,112.00,1.0000,0.0000,1009.1
03:25:09 08/02/0024,37.762474,-122.41844,28.100,3.7000,50.349,18.344,112.00,1.0000,0.0000,1009.1
03:25:11 08/02/0024,37.762474,-122.41845,28.100,3.7000,50.369,18.340,112.00,1.0000,0.0000,1009.1
03:25:12 08/02/0024,37.762474,-122.41845,28.100,3.7000,50.369,18.340,112.00,1.0000,0.0000,1009.1
03:25:14 08/02/0024,37.762482,-122.41847,27.900,3.8000,50.380,18.340,112.00,1.0000,0.0000,1009.1
03:25:16 08/02/0024,37.762482,-122.41847,27.900,3.8000,50.410,18.340,112.00,1.0000,0.0000,1009.1
03:25:17 08/02/0024,37.762482,-122.41847,27.900,3.8000,50.430,18.340,112.00,1.0000,0.0000,1009.1
03:25:19 08/02/0024,37.762482,-122.41847,27.799,3.8000,50.450,18.340,112.00,1.0000,0.0000,1009.1
03:25:20 08/02/0024,37.762482,-122.41847,27.799,3.7000,50.459,18.334,112.00,1.0000,0.0000,1009.1
03:25:22 08/02/0024,37.762482,-122.41848,27.700,3.7000,50.480,18.334,112.00,1.0000,0.0000,1009.1
03:25:24 08/02/0024,37.762482,-122.41848,27.700,3.8000,50.500,18.334,111.00,1.0000,0.0000,1009.1
03:25:25 08/02/0024,37.762482,-122.41848,27.600,3.9000,50.509,18.334,111.00,1.0000,0.0000,1009.1
03:25:27 08/02/0024,37.762478,-122.41848,27.600,3.9000,50.540,18.334,111.00,1.0000,0.0000,1009.1
03:25:28 08/02/0024,37.762478,-122.41848,27.600,3.9000,50.549,18.334,111.00,1.0000,0.0000,1009.1
03:25:30 08/02/0024,37.762478,-122.41848,27.700,3.9000,50.570,18.330,111.00,1.0000,0.0000,1009.2
03:25:32 08/02/0024,37.762482,-122.41848,27.700,3.9000,50.590,18.330,111.00,1.0000,0.0000,1009.1
03:25:33 08/02/0024,37.762478,-122.41848,27.700,4.0000,50.599,18.330,110.00,1.0000,0.0000,1009.1
03:25:35 08/02/0024,37.762482,-122.41848,27.700,4.1000,50.619,18.330,110.00,1.0000,0.0000,1009.1
03:25:36 08/02/0024,37.762482,-122.41848,27.700,4.1000,50.630,18.330,110.00,1.0000,0.0000,1009.1
03:25:38 08/02/0024,37.762486,-122.41848,27.700,4.1000,50.630,18.330,109.00,1.0000,0.0000,1009.1
03:25:40 08/02/0024,37.762486,-122.41848,27.799,4.0000,50.630,18.325,109.00,1.0000,0.0000,1009.1
03:25:41 08/02/0024,37.762486,-122.41848,27.799,4.0000,50.639,18.325,108.00,1.0000,0.0000,1009.2
03:25:43 08/02/0024,37.762486,-122.41848,27.799,4.0000,50.619,18.325,107.00,1.0000,0.0000,1009.1
03:25:44 08/02/0024,37.762486,-122.41848,27.799,4.1000,50.619,18.325,107.00,1.0000,0.0000,1009.2
03:25:46 08/02/0024,37.762486,-122.41848,27.799,4.2000,50.619,18.325,106.00,1.0000,0.0000,1009.1
03:25:48 08/02/0024,37.762482,-122.41848,27.900,4.2000,50.610,18.325,105.00,1.0000,0.0000,1009.1
03:25:49 08/02/0024,37.762482,-122.41848,27.799,4.2000,50.590,18.325,104.00,1.0000,0.0000,1009.1
03:25:51 08/02/0024,37.762482,-122.41848,27.900,4.2000,50.599,18.320,103.00,1.0000,0.0000,1009.1
03:25:52 08/02/0024,37.762482,-122.41849,27.799,4.1000,50.610,18.320,102.00,1.0000,0.0000,1009.1
03:25:54 08/02/0024,37.762482,-122.41849,27.700,4.1000,50.639,18.320,101.00,1.0000,0.0000,1009.1
03:25:55 08/02/0024,37.762482,-122.41851,27.700,4.1000,50.630,18.320,100.00,1.0000,0.0000,1009.1
03:25:57 08/02/0024,37.762486,-122.41851,27.700,4.0000,50.650,18.320,99.000,1.0000,0.0000,1009.2
03:25:59 08/02/0024,37.762486,-122.41851,27.600,4.0000,50.660,18.320,98.000,1.0000,0.0000,1009.2
03:26:00 08/02/0024,37.762486,-122.41851,27.600,3.9000,50.660,18.320,96.000,1.0000,0.0000,1009.1
03:26:02 08/02/0024,37.762482,-122.41851,27.500,3.8000,50.639,18.315,95.000,1.0000,0.0000,1009.2
03:26:03 08/02/0024,37.762478,-122.41851,27.500,3.8000,50.630,18.315,94.000,1.0000,0.0000,1009.1
03:26:05 08/02/0024,37.762478,-122.41851,27.500,3.8000,50.610,18.315,93.000,1.0000,0.0000,1009.2
03:26:07 08/02/0024,37.762474,-122.41851,27.500,3.8000,50.599,18.315,92.000,1.0000,0.0000,1009.1
03:26:08 08/02/0024,37.762474,-122.41851,27.500,3.8000,50.570,18.315,91.000,1.0000,0.0000,1009.1
03:26:10 08/02/0024,37.762474,-122.41851,27.500,3.8000,50.560,18.315,89.000,1.0000,0.0000,1009.1
03:26:11 08/02/0024,37.762478,-122.41851,27.500,3.8000,50.560,18.315,89.000,1.0000,0.0000,1009.1
03:26:13 08/02/0024,37.762478,-122.41851,27.500,3.8000,50.549,18.315,88.000,1.0000,0.0000,1009.1
03:26:15 08/02/0024,37.762482,-122.41851,27.500,3.8000,50.549,18.309,88.000,1.0000,0.0000,1009.1
03:26:16 08/02/0024,37.762482,-122.41851,27.400,3.7000,50.540,18.309,87.000,1.0000,0.0000,1009.0
03:26:18 08/02/0024,37.762482,-122.41853,27.400,3.7000,50.540,18.309,87.000,1.0000,0.0000,1009.1
03:26:19 08/02/0024,37.762478,-122.41853,27.400,3.5000,50.540,18.309,86.000,1.0000,0.0000,1009.1
03:26:21 08/02/0024,37.762478,-122.41853,27.400,3.4000,50.529,18.309,85.000,1.0000,0.0000,1009.1
03:26:23 08/02/0024,37.762478,-122.41853,27.400,3.4000,50.520,18.309,85.000,1.0000,0.0000,1009.1
03:26:24 08/02/0024,37.762478,-122.41853,27.299,3.4000,50.500,18.309,84.000,1.0000,0.0000,1009.0
03:26:26 08/02/0024,37.762478,-122.41853,27.299,3.4000,50.500,18.309,84.000,1.0000,0.0000,1009.1
03:26:27 08/02/0024,37.762478,-122.41853,27.299,3.5000,50.480,18.305,84.000,1.0000,0.0000,1009.1
03:26:29 08/02/0024,37.762478,-122.41853,27.400,3.4000,50.470,18.305,83.000,1.0000,0.0000,1009.1
03:26:31 08/02/0024,37.762474,-122.41853,27.299,3.4000,50.459,18.305,83.000,1.0000,0.0000,1009.1
03:26:32 08/02/0024,37.762474,-122.41853,27.299,3.3000,50.450,18.305,83.000,1.0000,0.0000,1009.1
03:26:34 08/02/0024,37.762474,-122.41853,27.299,3.3000,50.450,18.305,83.000,1.0000,0.0000,1009.1
03:26:35 08/02/0024,37.762474,-122.41853,27.299,3.4000,50.450,18.305,84.000,1.0000,0.0000,1009.1
03:26:37 08/02/0024,37.762470,-122.41854,27.299,3.5000,50.459,18.305,84.000,1.0000,0.0000,1009.1
03:26:39 08/02/0024,37.762470,-122.41853,27.299,3.6000,50.470,18.299,85.000,1.0000,0.0000,1009.1
03:26:40 08/02/0024,37.762470,-122.41853,27.299,3.7000,50.490,18.299,85.000,1.0000,0.0000,1009.1
03:26:42 08/02/0024,37.762470,-122.41853,27.299,3.7000,50.509,18.299,86.000,1.0000,0.0000,1009.1
03:26:43 08/02/0024,37.762466,-122.41853,27.200,3.8000,50.529,18.299,87.000,1.0000,0.0000,1009.1
03:26:45 08/02/0024,37.762466,-122.41853,27.200,3.9000,50.549,18.299,87.000,1.0000,0.0000,1009.1
03:26:47 08/02/0024,37.762463,-122.41853,27.200,3.9000,50.570,18.299,88.000,1.0000,0.0000,1009.1
03:26:48 08/02/0024,37.762463,-122.41853,27.200,3.9000,50.590,18.295,88.000,1.0000,0.0000,1009.0
03:26:50 08/02/0024,37.762463,-122.41853,27.200,4.0000,50.599,18.295,88.000,1.0000,0.0000,1009.1
03:26:51 08/02/0024,37.762463,-122.41853,27.200,3.9000,50.599,18.295,88.000,1.0000,0.0000,1009.1
03:26:53 08/02/0024,37.762463,-122.41853,27.200,3.9000,50.610,18.295,89.000,1.0000,0.0000,1009.1
03:26:55 08/02/0024,37.762459,-122.41853,27.200,4.0000,50.619,18.295,89.000,1.0000,0.0000,1009.1
03:26:56 08/02/0024,37.762459,-122.41853,27.200,4.1000,50.630,18.295,89.000,1.0000,0.0000,1009.1
03:26:58 08/02/0024,37.762459,-122.41853,27.100,4.1000,50.639,18.290,89.000,1.0000,0.0000,1009.1
03:26:59 08/02/0024,37.762459,-122.41853,27.100,4.0000,50.650,18.290,89.000,1.0000,0.0000,1009.1
03:27:01 08/02/0024,37.762455,-122.41853,27.100,4.0000,50.650,18.290,89.000,1.0000,0.0000,1009.1
03:27:02 08/02/0024,37.762455,-122.41853,27.100,4.1000,50.650,18.290,89.000,1.0000,0.0000,1009.1
03:27:04 08/02/0024,37.762451,-122.41853,27.100,4.1000,50.650,18.290,89.000,1.0000,0.0000,1009.1
03:27:06 08/02/0024,37.762451,-122.41853,27.100,4.1000,50.650,18.285,90.000,1.0000,0.0000,1009.1
03:27:07 08/02/0024,37.762447,-122.41853,27.100,4.2000,50.660,18.285,90.000,1.0000,0.0000,1009.1
03:27:09 08/02/0024,37.762447,-122.41853,27.000,4.3000,50.660,18.285,90.000,1.0000,0.0000,1009.1
03:27:10 08/02/0024,37.762455,-122.41853,27.000,4.4000,50.680,18.285,91.000,1.0000,0.0000,1009.2
03:27:12 08/02/0024,37.762455,-122.41853,27.000,4.4000,50.689,18.285,91.000,1.0000,0.0000,1009.1
03:27:14 08/02/0024,37.762455,-122.41853,27.000,4.5000,50.709,18.285,92.000,1.0000,0.0000,1009.2
03:27:15 08/02/0024,37.762459,-122.41853,27.000,4.5000,50.720,18.280,92.000,1.0000,0.0000,1009.2
03:27:17 08/02/0024,37.762455,-122.41853,27.000,4.4000,50.740,18.280,93.000,1.0000,0.0000,1009.2
03:27:18 08/02/0024,37.762447,-122.41851,27.000,4.3000,50.759,18.280,95.000,1.0000,0.0000,1009.2
03:27:20 08/02/0024,37.762447,-122.41853,27.000,4.3000,50.759,18.280,96.000,1.0000,0.0000,1009.1
03:27:22 08/02/0024,37.762444,-122.41851,26.900,4.3000,50.770,18.280,99.000,1.0000,0.0000,1009.1
03:27:23 08/02/0024,37.762440,-122.41851,26.900,4.2000,50.779,18.280,100.00,1.0000,0.0000,1009.1
03:27:25 08/02/0024,37.762436,-122.41851,26.799,4.3000,50.849,18.280,103.00,1.0000,0.0000,1009.1
03:27:26 08/02/0024,37.762436,-122.41851,26.799,4.2000,50.930,18.275,106.00,1.0000,0.0000,1009.1
03:27:28 08/02/0024,37.762436,-122.41853,26.799,4.2000,50.950,18.275,108.00,1.0000,0.0000,1009.1
03:27:30 08/02/0024,37.762436,-122.41853,26.799,4.2000,50.970,18.275,111.00,1.0000,0.0000,1009.1
03:27:31 08/02/0024,37.762436,-122.41853,26.799,4.2000,50.990,18.275,113.00,1.0000,0.0000,1009.1
03:27:33 08/02/0024,37.762436,-122.41853,26.799,4.1000,51.099,18.275,117.00,1.0000,0.0000,1009.1
03:27:34 08/02/0024,37.762436,-122.41853,26.700,4.1000,51.209,18.275,119.00,1.0000,0.0000,1009.1
03:27:36 08/02/0024,37.762440,-122.41854,26.500,4.0000,51.380,18.275,123.00,1.0000,0.0000,1009.1
03:27:38 08/02/0024,37.762440,-122.41854,26.500,3.9000,51.480,18.270,126.00,1.0000,0.0000,1009.1
03:27:39 08/02/0024,37.762440,-122.41854,26.500,3.8000,51.490,18.270,128.00,1.0000,0.0000,1009.1
03:27:41 08/02/0024,37.762440,-122.41853,26.400,3.7000,51.500,18.270,131.00,1.0000,0.0000,1009.1
03:27:42 08/02/0024,37.762440,-122.41854,26.400,3.7000,51.500,18.270,132.00,1.0000,0.0000,1009.1
03:27:44 08/02/0024,37.762440,-122.41853,26.400,3.7000,51.470,18.270,134.00,1.0000,0.0000,1009.1
03:27:46 08/02/0024,37.762440,-122.41853,26.400,3.8000,51.439,18.270,135.00,1.0000,0.0000,1009.1
03:27:47 08/02/0024,37.762440,-122.41853,26.400,3.9000,51.410,18.270,136.00,1.0000,0.0000,1009.0
03:27:49 08/02/0024,37.762440,-122.41853,26.299,3.9000,51.380,18.270,137.00,1.0000,0.0000,1009.1
03:27:50 08/02/0024,37.762440,-122.41853,26.299,3.9000,51.369,18.270,137.00,1.0000,0.0000,1009.1
03:27:52 08/02/0024,37.762440,-122.41853,26.400,4.0000,51.369,18.264,138.00,1.0000,0.0000,1009.1
03:27:54 08/02/0024,37.762440,-122.41853,26.400,4.0000,51.389,18.264,139.00,1.0000,0.0000,1009.1
03:27:55 08/02/0024,37.762440,-122.41853,26.400,4.0000,51.470,18.264,141.00,1.0000,0.0000,1009.1
03:27:57 08/02/0024,37.762440,-122.41853,26.400,4.0000,51.540,18.264,143.00,1.0000,0.0000,1009.1
03:27:58 08/02/0024,37.762440,-122.41853,26.400,4.0000,51.590,18.264,144.00,1.0000,0.0000,1009.1
03:28:00 08/02/0024,37.762444,-122.41853,26.299,4.0000,51.689,18.264,146.00,1.0000,0.0000,1009.1
03:28:02 08/02/0024,37.762440,-122.41853,26.299,4.1000,51.730,18.264,147.00,1.0000,0.0000,1009.1
03:28:03 08/02/0024,37.762440,-122.41854,26.299,4.1000,51.770,18.264,148.00,1.0000,0.0000,1009.1
03:28:05 08/02/0024,37.762440,-122.41854,26.400,4.2000,51.790,18.260,148.00,1.0000,0.0000,1009.1
03:28:06 08/02/0024,37.762444,-122.41854,26.299,4.2000,51.799,18.260,148.00,1.0000,0.0000,1009.1
03:28:08 08/02/0024,37.762444,-122.41854,26.299,4.3000,51.799,18.260,147.00,1.0000,0.0000,1009.1
03:28:10 08/02/0024,37.762440,-122.41854,26.299,4.3000,51.799,18.260,147.00,1.0000,0.0000,1009.1
03:28:11 08/02/0024,37.762440,-122.41854,26.299,4.3000,51.790,18.260,146.00,1.0000,0.0000,1009.1
03:28:13 08/02/0024,37.762440,-122.41854,26.299,4.3000,51.779,18.260,145.00,1.0000,0.0000,1009.1
03:28:14 08/02/0024,37.762440,-122.41854,26.299,4.3000,51.770,18.260,143.00,1.0000,0.0000,1009.2
03:28:16 08/02/0024,37.762440,-122.41854,26.299,4.4000,51.740,18.260,141.00,1.0000,0.0000,1009.1
03:28:17 08/02/0024,37.762440,-122.41854,26.299,4.5000,51.720,18.260,140.00,1.0000,0.0000,1009.2
03:28:19 08/02/0024,37.762436,-122.41854,26.299,4.6000,51.689,18.260,137.00,1.0000,0.0000,1009.1
03:28:21 08/02/0024,37.762432,-122.41853,26.200,4.6000,51.669,18.260,136.00,1.0000,0.0000,1009.2
03:28:22 08/02/0024,37.762432,-122.41853,26.200,4.6000,51.639,18.254,133.00,1.0000,0.0000,1009.1
03:28:24 08/02/0024,37.762432,-122.41851,26.200,4.5000,51.610,18.254,130.00,1.0000,0.0000,1009.2
03:28:25 08/02/0024,37.762432,-122.41851,26.299,4.5000,51.599,18.254,129.00,1.0000,0.0000,1009.2
03:28:27 08/02/0024,37.762432,-122.41851,26.200,4.5000,51.590,18.254,126.00,1.0000,0.0000,1009.2
03:28:29 08/02/0024,37.762436,-122.41853,26.200,4.5000,51.590,18.254,125.00,1.0000,0.0000,1009.2
03:28:30 08/02/0024,37.762436,-122.41853,26.200,4.5000,51.580,18.254,124.00,1.0000,0.0000,1009.2
03:28:32 08/02/0024,37.762436,-122.41853,26.200,4.5000,51.580,18.254,123.00,1.0000,0.0000,1009.1
03:28:33 08/02/0024,37.762436,-122.41853,26.200,4.4000,51.560,18.254,122.00,1.0000,0.0000,1009.2
03:28:35 08/02/0024,37.762436,-122.41853,26.200,4.3000,51.540,18.254,122.00,1.0000,0.0000,1009.2
03:28:37 08/02/0024,37.762436,-122.41853,26.200,4.3000,51.520,18.254,121.00,1.0000,0.0000,1009.2
03:28:38 08/02/0024,37.762436,-122.41853,26.200,4.2000,51.490,18.250,121.00,1.0000,0.0000,1009.2
03:28:40 08/02/0024,37.762440,-122.41854,26.200,4.2000,51.470,18.250,121.00,1.0000,0.0000,1009.2
03:28:41 08/02/0024,37.762440,-122.41854,26.200,4.0000,51.430,18.250,121.00,1.0000,0.0000,1009.2
03:28:43 08/02/0024,37.762436,-122.41854,26.200,4.0000,51.400,18.250,120.00,1.0000,0.0000,1009.2
03:28:45 08/02/0024,37.762440,-122.41854,26.200,3.9000,51.380,18.250,120.00,1.0000,0.0000,1009.2
03:28:46 08/02/0024,37.762436,-122.41855,26.100,3.8000,51.349,18.250,119.00,1.0000,0.0000,1009.2
03:28:48 08/02/0024,37.762436,-122.41855,26.100,3.7000,51.330,18.250,119.00,1.0000,0.0000,1009.2
03:28:49 08/02/0024,37.762440,-122.41855,26.100,3.7000,51.299,18.250,118.00,1.0000,0.0000,1009.2
03:28:51 08/02/0024,37.762436,-122.41855,26.200,3.7000,51.290,18.250,117.00,1.0000,0.0000,1009.1
03:28:53 08/02/0024,37.762436,-122.41855,26.100,3.7000,51.259,18.250,116.00,1.0000,0.0000,1009.2
03:28:54 08/02/0024,37.762432,-122.41855,26.100,3.9000,51.240,18.245,114.00,1.0000,0.0000,1009.2
03:28:56 08/02/0024,37.762432,-122.41855,26.100,3.9000,51.230,18.245,113.00,1.0000,0.0000,1009.2
03:28:57 08/02/0024,37.762432,-122.41855,26.100,4.1000,51.189,18.245,110.00,1.0000,0.0000,1009.2
03:28:59 08/02/0024,37.762432,-122.41855,26.100,4.1000,51.180,18.245,109.00,1.0000,0.0000,1009.2
03:29:01 08/02/0024,37.762428,-122.41855,26.100,4.3000,51.169,18.245,106.00,1.0000,0.0000,1009.2
03:29:02 08/02/0024,37.762424,-122.41855,26.100,4.3000,51.160,18.245,103.00,1.0000,0.0000,1009.2
03:29:04 08/02/0024,37.762424,-122.41855,26.100,4.3000,51.160,18.245,102.00,1.0000,0.0000,1009.2
03:29:05 08/02/0024,37.762424,-122.41855,26.100,4.3000,51.160,18.245,99.000,1.0000,0.0000,1009.2
03:29:07 08/02/0024,37.762424,-122.41854,26.100,4.2000,51.160,18.245,97.000,1.0000,0.0000,1009.2
03:29:09 08/02/0024,37.762424,-122.41854,26.100,4.1000,51.150,18.240,95.000,1.0000,0.0000,1009.2
03:29:10 08/02/0024,37.762424,-122.41855,26.100,4.1000,51.130,18.240,94.000,1.0000,0.0000,1009.2
03:29:12 08/02/0024,37.762424,-122.41855,26.000,4.0000,51.119,18.240,91.000,1.0000,0.0000,1009.2
03:29:13 08/02/0024,37.762424,-122.41855,26.000,4.1000,51.130,18.240,89.000,1.0000,0.0000,1009.2
03:29:15 08/02/0024,37.762424,-122.41855,26.000,4.1000,51.130,18.240,88.000,1.0000,0.0000,1009.2
03:29:16 08/02/0024,37.762421,-122.41855,26.000,4.2000,51.130,18.240,86.000,1.0000,0.0000,1009.2
03:29:18 08/02/0024,37.762421,-122.41855,26.000,4.2000,51.139,18.240,85.000,1.0000,0.0000,1009.2
03:29:20 08/02/0024,37.762421,-122.41855,26.100,4.3000,51.139,18.240,84.000,1.0000,0.0000,1009.2
03:29:21 08/02/0024,37.762421,-122.41855,26.100,4.4000,51.139,18.240,83.000,1.0000,0.0000,1009.2
03:29:23 08/02/0024,37.762417,-122.41855,26.100,4.4000,51.139,18.235,83.000,1.0000,0.0000,1009.2
03:29:24 08/02/0024,37.762421,-122.41855,26.000,4.4000,51.139,18.235,82.000,1.0000,0.0000,1009.2
03:29:26 08/02/0024,37.762421,-122.41855,26.000,4.4000,51.150,18.235,82.000,1.0000,0.0000,1009.2
03:29:28 08/02/0024,37.762421,-122.41854,26.000,4.5000,51.180,18.235,82.000,1.0000,0.0000,1009.2
03:29:29 08/02/0024,37.762421,-122.41854,26.000,4.6000,51.189,18.235,82.000,1.0000,0.0000,1009.2
03:29:31 08/02/0024,37.762421,-122.41854,26.000,4.6000,51.209,18.235,83.000,1.0000,0.0000,1009.2
03:29:32 08/02/0024,37.762421,-122.41855,26.000,4.6000,51.220,18.235,83.000,1.0000,0.0000,1009.2
03:29:34 08/02/0024,37.762421,-122.41855,26.000,4.6000,51.220,18.235,83.000,1.0000,0.0000,1009.2
03:29:36 08/02/0024,37.762421,-122.41855,26.000,4.5000,51.220,18.235,84.000,1.0000,0.0000,1009.2
03:29:37 08/02/0024,37.762421,-122.41855,26.000,4.5000,51.209,18.235,84.000,1.0000,0.0000,1009.2
03:29:39 08/02/0024,37.762421,-122.41855,26.000,4.3000,51.209,18.230,85.000,1.0000,0.0000,1009.2
03:29:40 08/02/0024,37.762421,-122.41855,26.000,4.2000,51.240,18.230,85.000,1.0000,0.0000,1009.2
03:29:42 08/02/0024,37.762424,-122.41855,26.000,4.1000,51.240,18.230,86.000,1.0000,0.0000,1009.2
03:29:44 08/02/0024,37.762424,-122.41854,26.000,4.0000,51.250,18.230,86.000,1.0000,0.0000,1009.2
03:29:45 08/02/0024,37.762424,-122.41854,26.000,3.9000,51.250,18.230,86.000,1.0000,0.0000,1009.2
03:29:47 08/02/0024,37.762424,-122.41854,26.000,3.9000,51.270,18.230,86.000,1.0000,0.0000,1009.2
03:29:48 08/02/0024,37.762424,-122.41854,26.000,3.8000,51.279,18.230,87.000,1.0000,0.0000,1009.2
03:29:50 08/02/0024,37.762424,-122.41854,26.000,3.8000,51.290,18.230,87.000,1.0000,0.0000,1009.2
03:29:52 08/02/0024,37.762428,-122.41854,26.000,3.8000,51.290,18.225,88.000,1.0000,0.0000,1009.2
03:29:53 08/02/0024,37.762428,-122.41853,26.000,3.7000,51.290,18.225,89.000,1.0000,0.0000,1009.2
03:29:55 08/02/0024,37.762428,-122.41854,26.000,3.8000,51.270,18.225,89.000,1.0000,0.0000,1009.2
03:29:56 08/02/0024,37.762428,-122.41853,26.000,3.8000,51.259,18.225,90.000,1.0000,0.0000,1009.2
03:29:58 08/02/0024,37.762428,-122.41853,26.000,3.8000,51.250,18.225,90.000,1.0000,0.0000,1009.2
03:30:00 08/02/0024,37.762424,-122.41853,26.000,3.8000,51.230,18.225,90.000,1.0000,0.0000,1009.2
03:30:01 08/02/0024,37.762424,-122.41853,26.000,3.9000,51.230,18.225,90.000,1.0000,0.0000,1009.2
03:30:03 08/02/0024,37.762424,-122.41853,26.000,3.9000,51.220,18.225,91.000,1.0000,0.0000,1009.2
03:30:04 08/02/0024,37.762424,-122.41853,26.000,3.8000,51.220,18.225,91.000,1.0000,0.0000,1009.2
03:30:06 08/02/0024,37.762424,-122.41853,26.000,3.8000,51.209,18.219,91.000,1.0000,0.0000,1009.2
03:30:08 08/02/0024,37.762421,-122.41853,26.000,3.7000,51.209,18.219,91.000,1.0000,0.0000,1009.2
03:30:09 08/02/0024,37.762421,-122.41853,26.000,3.7000,51.209,18.219,92.000,1.0000,0.0000,1009.2
03:30:11 08/02/0024,37.762421,-122.41853,26.000,3.8000,51.209,18.219,93.000,1.0000,0.0000,1009.2
03:30:12 08/02/0024,37.762421,-122.41853,26.000,3.8000,51.209,18.219,93.000,1.0000,0.0000,1009.2
03:30:14 08/02/0024,37.762417,-122.41853,26.100,3.8000,51.209,18.219,94.000,1.0000,0.0000,1009.2
03:30:16 08/02/0024,37.762417,-122.41853,26.100,3.8000,51.220,18.219,95.000,1.0000,0.0000,1009.2
03:30:17 08/02/0024,37.762413,-122.41853,26.100,3.8000,51.259,18.219,97.000,1.0000,0.0000,1009.2
03:30:19 08/02/0024,37.762413,-122.41853,26.200,3.9000,51.310,18.215,100.00,1.0000,0.0000,1009.2
03:30:20 08/02/0024,37.762417,-122.41853,26.200,3.9000,51.330,18.215,101.00,1.0000,0.0000,1009.2
03:30:22 08/02/0024,37.762413,-122.41853,26.200,4.0000,51.369,18.215,105.00,1.0000,0.0000,1009.2
03:30:23 08/02/0024,37.762405,-122.41853,26.200,4.1000,51.389,18.215,107.00,1.0000,0.0000,1009.2
03:30:25 08/02/0024,37.762405,-122.41853,26.200,4.2000,51.400,18.215,110.00,1.0000,0.0000,1009.2
03:30:27 08/02/0024,37.762402,-122.41853,26.200,4.3000,51.410,18.215,111.00,1.0000,0.0000,1009.2
03:30:28 08/02/0024,37.762402,-122.41853,26.200,4.3000,51.400,18.215,114.00,1.0000,0.0000,1009.2
03:30:30 08/02/0024,37.762402,-122.41853,26.200,4.2000,51.400,18.215,116.00,1.0000,0.0000,1009.2
03:30:31 08/02/0024,37.762398,-122.41853,26.200,4.2000,51.400,18.215,117.00,1.0000,0.0000,1009.2
03:30:33 08/02/0024,37.762402,-122.41854,26.200,4.2000,51.410,18.215,118.00,1.0000,0.0000,1009.2
03:30:35 08/02/0024,37.762402,-122.41854,26.200,4.2000,51.410,18.215,118.00,1.0000,0.0000,1009.2
03:30:36 08/02/0024,37.762402,-122.41854,26.200,4.1000,51.400,18.209,119.00,1.0000,0.0000,1009.2
03:30:38 08/02/0024,37.762402,-122.41854,26.299,4.1000,51.400,18.209,120.00,1.0000,0.0000,1009.2
03:30:39 08/02/0024,37.762402,-122.41854,26.200,4.1000,51.400,18.209,120.00,1.0000,0.0000,1009.2
03:30:41 08/02/0024,37.762402,-122.41854,26.299,4.0000,51.380,18.209,121.00,1.0000,0.0000,1009.2
03:30:43 08/02/0024,37.762402,-122.41854,26.299,3.9000,51.380,18.209,121.00,1.0000,0.0000,1009.2
03:30:44 08/02/0024,37.762402,-122.41854,26.299,3.8000,51.369,18.209,122.00,1.0000,0.0000,1009.2
03:30:46 08/02/0024,37.762402,-122.41854,26.200,3.8000,51.369,18.209,122.00,1.0000,0.0000,1009.2
03:30:47 08/02/0024,37.762402,-122.41855,26.200,4.0000,51.360,18.209,123.00,1.0000,0.0000,1009.2
03:30:49 08/02/0024,37.762402,-122.41854,26.200,4.1000,51.349,18.209,123.00,1.0000,0.0000,1009.2
03:30:51 08/02/0024,37.762402,-122.41854,26.200,4.2000,51.349,18.209,123.00,1.0000,0.0000,1009.2
03:30:52 08/02/0024,37.762405,-122.41854,26.200,4.3000,51.340,18.205,123.00,1.0000,0.0000,1009.2
03:30:54 08/02/0024,37.762405,-122.41854,26.200,4.4000,51.340,18.205,123.00,1.0000,0.0000,1009.2
03:30:55 08/02/0024,37.762405,-122.41855,26.200,4.4000,51.330,18.205,123.00,1.0000,0.0000,1009.2
03:30:57 08/02/0024,37.762405,-122.41855,26.200,4.6000,51.340,18.205,122.00,1.0000,0.0000,1009.2
03:30:59 08/02/0024,37.762405,-122.41855,26.200,4.7000,51.349,18.205,122.00,1.0000,0.0000,1009.2
03:31:00 08/02/0024,37.762402,-122.41855,26.200,4.8000,51.450,18.205,123.00,1.0000,0.0000,1009.2
03:31:02 08/02/0024,37.762402,-122.41855,26.299,4.8000,51.509,18.205,123.00,1.0000,0.0000,1009.2
03:31:03 08/02/0024,37.762402,-122.41855,26.299,4.8000,51.639,18.205,125.00,1.0000,0.0000,1009.2
03:31:05 08/02/0024,37.762402,-122.41855,26.299,4.7000,51.689,18.205,125.00,1.0000,0.0000,1009.2
03:31:07 08/02/0024,37.762402,-122.41855,26.299,4.6000,51.740,18.200,125.00,1.0000,0.0000,1009.2
03:31:08 08/02/0024,37.762402,-122.41855,26.299,4.4000,51.759,18.200,125.00,1.0000,0.0000,1009.2
03:31:10 08/02/0024,37.762402,-122.41855,26.299,4.4000,51.759,18.200,125.00,1.0000,0.0000,1009.2
03:31:11 08/02/0024,37.762402,-122.41855,26.299,4.3000,51.750,18.200,124.00,1.0000,0.0000,1009.2
03:31:13 08/02/0024,37.762405,-122.41855,26.200,4.3000,51.750,18.200,124.00,1.0000,0.0000,1009.2
03:31:15 08/02/0024,37.762413,-122.41854,26.200,4.2000,51.750,18.200,123.00,1.0000,0.0000,1009.2
03:31:16 08/02/0024,37.762413,-122.41854,26.200,4.2000,51.750,18.200,123.00,1.0000,0.0000,1009.2
03:31:18 08/02/0024,37.762417,-122.41854,26.200,4.3000,51.750,18.200,122.00,1.0000,0.0000,1009.2
03:31:19 08/02/0024,37.762417,-122.41854,26.200,4.4000,51.730,18.200,121.00,1.0000,0.0000,1009.2
03:31:21 08/02/0024,37.762421,-122.41854,26.200,4.5000,51.709,18.200,121.00,1.0000,0.0000,1009.2
03:31:22 08/02/0024,37.762417,-122.41854,26.200,4.6000,51.689,18.200,121.00,1.0000,0.0000,1009.2
03:31:24 08/02/0024,37.762413,-122.41854,26.200,4.6000,51.680,18.195,120.00,1.0000,0.0000,1009.2
03:31:26 08/02/0024,37.762413,-122.41854,26.200,4.7000,51.650,18.195,120.00,1.0000,0.0000,1009.2
03:31:27 08/02/0024,37.762413,-122.41854,26.200,4.8000,51.619,18.195,120.00,1.0000,0.0000,1009.2
03:31:29 08/02/0024,37.762417,-122.41854,26.100,4.8000,51.619,18.195,119.00,1.0000,0.0000,1009.2
03:31:30 08/02/0024,37.762421,-122.41854,26.100,4.8000,51.599,18.195,119.00,1.0000,0.0000,1009.2
03:31:32 08/02/0024,37.762421,-122.41854,26.200,4.8000,51.590,18.195,119.00,1.0000,0.0000,1009.2
03:31:34 08/02/0024,37.762424,-122.41855,26.200,4.9000,51.570,18.195,119.00,1.0000,0.0000,1009.2
03:31:35 08/02/0024,37.762421,-122.41855,26.200,4.8000,51.560,18.195,119.00,1.0000,0.0000,1009.2
03:31:37 08/02/0024,37.762424,-122.41855,26.200,4.8000,51.549,18.195,119.00,1.0000,0.0000,1009.2
03:31:38 08/02/0024,37.762424,-122.41855,26.200,4.7000,51.540,18.195,119.00,1.0000,0.0000,1009.2
03:31:40 08/02/0024,37.762424,-122.41855,26.100,4.6000,51.549,18.190,119.00,1.0000,0.0000,1009.2
03:31:42 08/02/0024,37.762424,-122.41855,26.100,4.6000,51.570,18.190,119.00,1.0000,0.0000,1009.2
03:31:43 08/02/0024,37.762424,-122.41855,26.100,4.6000,51.580,18.190,119.00,1.0000,0.0000,1009.2
03:31:45 08/02/0024,37.762424,-122.41855,26.100,4.5000,51.580,18.190,119.00,1.0000,0.0000,1009.2
03:31:46 08/02/0024,37.762424,-122.41855,26.100,4.6000,51.580,18.190,119.00,1.0000,0.0000,1009.2
03:31:48 08/02/0024,37.762424,-122.41855,26.100,4.6000,51.580,18.190,119.00,1.0000,0.0000,1009.2
03:31:50 08/02/0024,37.762424,-122.41854,26.100,4.6000,51.560,18.190,119.00,1.0000,0.0000,1009.2
03:31:51 08/02/0024,37.762424,-122.41854,26.100,4.7000,51.560,18.190,119.00,1.0000,0.0000,1009.2
03:31:53 08/02/0024,37.762424,-122.41854,26.100,4.7000,51.590,18.190,119.00,1.0000,0.0000,1009.2
03:31:54 08/02/0024,37.762428,-122.41854,26.100,4.7000,51.610,18.190,120.00,1.0000,0.0000,1009.2
03:31:56 08/02/0024,37.762424,-122.41854,26.100,4.7000,51.630,18.190,120.00,1.0000,0.0000,1009.2
03:31:58 08/02/0024,37.762424,-122.41854,26.100,4.6000,51.639,18.184,120.00,1.0000,0.0000,1009.2
03:31:59 08/02/0024,37.762424,-122.41854,26.100,4.6000,51.650,18.184,121.00,1.0000,0.0000,1009.2
03:32:01 08/02/0024,37.762421,-122.41854,26.100,4.7000,51.669,18.184,121.00,1.0000,0.0000,1009.2
03:32:02 08/02/0024,37.762421,-122.41854,26.100,4.7000,51.660,18.184,121.00,1.0000,0.0000,1009.2
03:32:04 08/02/0024,37.762417,-122.41854,26.100,4.6000,51.650,18.184,121.00,1.0000,0.0000,1009.2
03:32:06 08/02/0024,37.762413,-122.41855,26.100,4.5000,51.650,18.184,121.00,1.0000,0.0000,1009.2
03:32:07 08/02/0024,37.762413,-122.41855,26.100,4.5000,51.650,18.184,121.00,1.0000,0.0000,1009.2
03:32:09 08/02/0024,37.762413,-122.41857,26.100,4.4000,51.650,18.184,121.00,1.0000,0.0000,1009.2
03:32:10 08/02/0024,37.762413,-122.41857,26.000,4.4000,51.660,18.184,121.00,1.0000,0.0000,1009.2
03:32:12 08/02/0024,37.762413,-122.41857,26.100,4.3000,51.660,18.184,122.00,1.0000,0.0000,1009.2
03:32:14 08/02/0024,37.762413,-122.41857,26.000,4.2000,51.660,18.184,121.00,1.0000,0.0000,1009.2
03:32:15 08/02/0024,37.762409,-122.41857,26.000,4.2000,51.660,18.180,121.00,1.0000,0.0000,1009.2
03:32:17 08/02/0024,37.762409,-122.41857,26.100,4.3000,51.650,18.180,121.00,1.0000,0.0000,1009.2
03:32:18 08/02/0024,37.762409,-122.41857,26.100,4.3000,51.650,18.180,121.00,1.0000,0.0000,1009.2
03:32:20 08/02/0024,37.762409,-122.41857,26.100,4.4000,51.660,18.180,121.00,1.0000,0.0000,1009.2
03:32:21 08/02/0024,37.762409,-122.41857,26.100,4.4000,51.660,18.180,120.00,1.0000,0.0000,1009.2
03:32:23 08/02/0024,37.762413,-122.41857,26.200,4.4000,51.680,18.180,120.00,1.0000,0.0000,1009.2
03:32:25 08/02/0024,37.762417,-122.41855,26.299,4.4000,51.709,18.180,120.00,1.0000,0.0000,1009.2
03:32:26 08/02/0024,37.762417,-122.41855,26.299,4.3000,51.709,18.180,120.00,1.0000,0.0000,1009.2
03:32:28 08/02/0024,37.762421,-122.41857,26.299,4.3000,51.709,18.180,120.00,1.0000,0.0000,1009.3
03:32:29 08/02/0024,37.762421,-122.41855,26.200,4.3000,51.709,18.180,119.00,1.0000,0.0000,1009.2
03:32:31 08/02/0024,37.762421,-122.41855,26.100,4.4000,51.709,18.180,119.00,1.0000,0.0000,1009.3
03:32:33 08/02/0024,37.762421,-122.41855,26.100,4.4000,51.709,18.174,119.00,1.0000,0.0000,1009.2
03:32:34 08/02/0024,37.762421,-122.41855,26.100,4.6000,51.709,18.174,119.00,1.0000,0.0000,1009.2
03:32:36 08/02/0024,37.762424,-122.41855,26.100,4.7000,51.709,18.174,119.00,1.0000,0.0000,1009.3
03:32:37 08/02/0024,37.762428,-122.41854,26.100,4.7000,51.709,18.174,119.00,1.0000,0.0000,1009.3
03:32:39 08/02/0024,37.762436,-122.41854,26.100,4.7000,51.709,18.174,119.00,1.0000,0.0000,1009.3
03:32:41 08/02/0024,37.762436,-122.41854,26.100,4.7000,51.709,18.174,119.00,1.0000,0.0000,1009.2
03:32:42 08/02/0024,37.762436,-122.41854,26.100,4.7000,51.709,18.174,119.00,1.0000,0.0000,1009.2
03:32:44 08/02/0024,37.762436,-122.41854,26.000,4.7000,51.720,18.174,119.00,1.0000,0.0000,1009.3
03:32:45 08/02/0024,37.762436,-122.41854,26.000,4.7000,51.730,18.174,119.00,1.0000,0.0000,1009.3
03:32:47 08/02/0024,37.762436,-122.41854,26.000,4.6000,51.720,18.174,119.00,1.0000,0.0000,1009.3
03:32:49 08/02/0024,37.762440,-122.41853,26.000,4.6000,51.720,18.174,119.00,1.0000,0.0000,1009.3
03:32:50 08/02/0024,37.762440,-122.41853,26.000,4.5000,51.700,18.174,119.00,1.0000,0.0000,1009.2
03:32:52 08/02/0024,37.762444,-122.41853,25.900,4.5000,51.689,18.174,119.00,1.0000,0.0000,1009.3
03:32:53 08/02/0024,37.762447,-122.41853,25.900,4.4000,51.689,18.174,119.00,1.0000,0.0000,1009.2
03:32:55 08/02/0024,37.762444,-122.41853,25.799,4.3000,51.669,18.170,120.00,1.0000,0.0000,1009.2
03:32:57 08/02/0024,37.762444,-122.41853,25.500,4.3000,51.669,18.170,120.00,1.0000,0.0000,1009.2
03:32:58 08/02/0024,37.762444,-122.41853,25.600,4.2000,51.680,18.170,121.00,1.0000,0.0000,1009.2
03:33:00 08/02/0024,37.762444,-122.41853,25.500,4.2000,51.689,18.170,121.00,1.0000,0.0000,1009.2
03:33:01 08/02/0024,37.762444,-122.41853,25.500,4.2000,51.709,18.170,122.00,1.0000,0.0000,1009.2
03:33:03 08/02/0024,37.762444,-122.41853,25.600,4.3000,51.700,18.170,122.00,1.0000,0.0000,1009.2
03:33:05 08/02/0024,37.762444,-122.41853,25.600,4.3000,51.689,18.170,122.00,1.0000,0.0000,1009.2
03:33:06 08/02/0024,37.762444,-122.41853,25.600,4.3000,51.680,18.170,122.00,1.0000,0.0000,1009.2
03:33:08 08/02/0024,37.762444,-122.41853,25.600,4.3000,51.669,18.170,122.00,1.0000,0.0000,1009.2
03:33:09 08/02/0024,37.762444,-122.41853,25.600,4.5000,51.639,18.170,122.00,1.0000,0.0000,1009.2
03:33:11 08/02/0024,37.762444,-122.41853,25.600,4.6000,51.619,18.170,122.00,1.0000,0.0000,1009.2
03:33:12 08/02/0024,37.762444,-122.41854,25.600,4.6000,51.599,18.170,122.00,1.0000,0.0000,1009.2
03:33:14 08/02/0024,37.762440,-122.41854,25.500,4.6000,51.580,18.170,121.00,1.0000,0.0000,1009.2
03:33:16 08/02/0024,37.762440,-122.41854,25.500,4.5000,51.580,18.170,121.00,1.0000,0.0000,1009.2
03:33:17 08/02/0024,37.762440,-122.41854,25.500,4.5000,51.549,18.170,121.00,1.0000,0.0000,1009.2
03:33:19 08/02/0024,37.762440,-122.41854,25.500,4.5000,51.540,18.170,121.00,1.0000,0.0000,1009.2
03:33:20 08/02/0024,37.762440,-122.41854,25.500,4.6000,51.520,18.165,121.00,1.0000,0.0000,1009.2
03:33:22 08/02/0024,37.762440,-122.41854,25.400,4.7000,51.490,18.165,121.00,1.0000,0.0000,1009.2
03:33:24 08/02/0024,37.762436,-122.41854,25.400,4.7000,51.490,18.165,121.00,1.0000,0.0000,1009.2
03:33:25 08/02/0024,37.762436,-122.41854,25.400,4.8000,51.490,18.165,121.00,1.0000,0.0000,1009.3
03:33:27 08/02/0024,37.762436,-122.41855,25.400,4.9000,51.500,18.165,121.00,1.0000,0.0000,1009.3
03:33:28 08/02/0024,37.762432,-122.41855,25.400,5.0000,51.509,18.165,122.00,1.0000,0.0000,1009.2
03:33:30 08/02/0024,37.762436,-122.41855,25.400,5.0000,51.520,18.165,122.00,1.0000,0.0000,1009.2
03:33:32 08/02/0024,37.762436,-122.41855,25.400,5.1000,51.520,18.165,122.00,1.0000,0.0000,1009.3
03:33:33 08/02/0024,37.762436,-122.41855,25.400,5.2000,51.520,18.165,122.00,1.0000,0.0000,1009.2
03:33:35 08/02/0024,37.762436,-122.41855,25.400,5.2000,51.509,18.165,122.00,1.0000,0.0000,1009.3
03:33:36 08/02/0024,37.762432,-122.41855,25.400,5.2000,51.500,18.165,123.00,1.0000,0.0000,1009.3
03:33:38 08/02/0024,37.762432,-122.41855,25.400,5.3000,51.490,18.165,123.00,1.0000,0.0000,1009.3
03:33:40 08/02/0024,37.762432,-122.41855,25.400,5.4000,51.470,18.165,123.00,1.0000,0.0000,1009.3
03:33:41 08/02/0024,37.762436,-122.41855,25.400,5.7000,51.439,18.165,123.00,1.0000,0.0000,1009.3
03:33:43 08/02/0024,37.762432,-122.41855,25.400,5.8000,51.439,18.165,124.00,1.0000,0.0000,1009.3
03:33:44 08/02/0024,37.762436,-122.41855,25.400,6.1000,51.439,18.160,124.00,1.0000,0.0000,1009.2
03:33:46 08/02/0024,37.762432,-122.41855,25.400,6.2000,51.430,18.160,124.00,1.0000,0.0000,1009.3
03:33:48 08/02/0024,37.762432,-122.41855,25.299,6.4000,51.419,18.160,124.00,1.0000,0.0000,1009.3
03:33:49 08/02/0024,37.762436,-122.41855,25.299,6.5000,51.419,18.160,125.00,1.0000,0.0000,1009.3
03:33:51 08/02/0024,37.762436,-122.41854,25.299,6.7000,51.410,18.160,125.00,1.0000,0.0000,1009.3
03:33:52 08/02/0024,37.762436,-122.41855,25.400,6.7000,51.389,18.160,126.00,1.0000,0.0000,1009.2
03:33:54 08/02/0024,37.762440,-122.41854,25.500,6.7000,51.389,18.160,127.00,1.0000,0.0000,1009.2
03:33:56 08/02/0024,37.762440,-122.41854,25.500,6.7000,51.369,18.160,127.00,1.0000,0.0000,1009.3
03:33:57 08/02/0024,37.762440,-122.41854,25.500,6.7000,51.369,18.160,127.00,1.0000,0.0000,1009.3
03:33:59 08/02/0024,37.762440,-122.41854,25.500,6.6000,51.360,18.160,128.00,1.0000,0.0000,1009.3
03:34:00 08/02/0024,37.762444,-122.41854,25.500,6.6000,51.349,18.160,128.00,1.0000,0.0000,1009.3
03:34:02 08/02/0024,37.762444,-122.41854,25.500,6.6000,51.349,18.160,129.00,1.0000,0.0000,1009.3
03:34:04 08/02/0024,37.762444,-122.41854,25.400,6.6000,51.340,18.160,129.00,1.0000,0.0000,1009.3
03:34:05 08/02/0024,37.762444,-122.41854,25.299,6.5000,51.340,18.160,130.00,1.0000,0.0000,1009.3
03:34:07 08/02/0024,37.762447,-122.41854,25.299,6.4000,51.320,18.160,131.00,1.0000,0.0000,1009.3
03:34:08 08/02/0024,37.762447,-122.41854,25.299,6.3000,51.310,18.160,131.00,1.0000,0.0000,1009.3
03:34:10 08/02/0024,37.762451,-122.41853,25.200,6.2000,51.320,18.160,133.00,1.0000,0.0000,1009.3
03:34:12 08/02/0024,37.762451,-122.41853,25.200,6.2000,51.340,18.160,134.00,1.0000,0.0000,1009.3
03:34:13 08/02/0024,37.762447,-122.41854,25.200,6.2000,51.340,18.155,135.00,1.0000,0.0000,1009.2
03:34:15 08/02/0024,37.762447,-122.41854,25.100,6.2000,51.340,18.155,136.00,1.0000,0.0000,1009.2
03:34:16 08/02/0024,37.762447,-122.41854,25.100,6.1000,51.340,18.155,137.00,1.0000,0.0000,1009.2
03:34:18 08/02/0024,37.762447,-122.41854,25.100,6.0000,51.340,18.155,138.00,1.0000,0.0000,1009.2
03:34:20 08/02/0024,37.762451,-122.41853,25.100,5.9000,51.340,18.155,140.00,1.0000,0.0000,1009.2
03:34:21 08/02/0024,37.762455,-122.41853,25.100,5.8000,51.340,18.155,140.00,1.0000,0.0000,1009.2
03:34:23 08/02/0024,37.762455,-122.41853,25.100,5.7000,51.349,18.155,141.00,1.0000,0.0000,1009.2
03:34:24 08/02/0024,37.762455,-122.41853,25.100,5.7000,51.349,18.155,142.00,1.0000,0.0000,1009.2
03:34:26 08/02/0024,37.762455,-122.41853,25.100,5.7000,51.360,18.155,142.00,1.0000,0.0000,1009.2
03:34:28 08/02/0024,37.762455,-122.41853,25.100,5.7000,51.380,18.155,142.00,1.0000,0.0000,1009.2
03:34:29 08/02/0024,37.762455,-122.41853,25.000,5.8000,51.389,18.155,142.00,1.0000,0.0000,1009.2
03:34:31 08/02/0024,37.762459,-122.41853,25.000,5.8000,51.400,18.155,142.00,1.0000,0.0000,1009.2
03:34:32 08/02/0024,37.762459,-122.41853,25.000,5.8000,51.400,18.155,141.00,1.0000,0.0000,1009.2
03:34:34 08/02/0024,37.762459,-122.41853,25.000,5.8000,51.419,18.155,141.00,1.0000,0.0000,1009.2
03:34:35 08/02/0024,37.762459,-122.41853,25.000,5.8000,51.439,18.155,141.00,1.0000,0.0000,1009.2
03:34:37 08/02/0024,37.762459,-122.41853,24.900,5.7000,51.480,18.155,140.00,1.0000,0.0000,1009.3
03:34:39 08/02/0024,37.762455,-122.41853,24.900,5.6000,51.500,18.155,140.00,1.0000,0.0000,1009.3
03:34:40 08/02/0024,37.762455,-122.41853,24.900,5.6000,51.500,18.155,139.00,1.0000,0.0000,1009.3
03:34:42 08/02/0024,37.762455,-122.41854,24.900,5.6000,51.509,18.150,138.00,1.0000,0.0000,1009.3
03:34:43 08/02/0024,37.762459,-122.41854,24.900,5.6000,51.520,18.150,137.00,1.0000,0.0000,1009.3
03:34:45 08/02/0024,37.762455,-122.41854,24.799,5.6000,51.529,18.150,136.00,1.0000,0.0000,1009.3
03:34:47 08/02/0024,37.762451,-122.41854,24.799,5.6000,51.520,18.150,134.00,1.0000,0.0000,1009.3
03:34:48 08/02/0024,37.762451,-122.41854,24.799,5.5000,51.509,18.150,134.00,1.0000,0.0000,1009.3
03:34:50 08/02/0024,37.762451,-122.41854,24.700,5.5000,51.490,18.150,133.00,1.0000,0.0000,1009.3
03:34:51 08/02/0024,37.762451,-122.41854,24.700,5.5000,51.490,18.150,132.00,1.0000,0.0000,1009.3
03:34:53 08/02/0024,37.762451,-122.41853,24.700,5.6000,51.470,18.150,131.00,1.0000,0.0000,1009.3
03:34:55 08/02/0024,37.762447,-122.41853,24.700,5.6000,51.470,18.150,131.00,1.0000,0.0000,1009.3
03:34:56 08/02/0024,37.762447,-122.41853,24.700,5.6000,51.450,18.150,131.00,1.0000,0.0000,1009.3
03:34:58 08/02/0024,37.762440,-122.41853,24.700,5.5000,51.439,18.150,131.00,1.0000,0.0000,1009.3
03:34:59 08/02/0024,37.762440,-122.41853,24.700,5.5000,51.439,18.150,131.00,1.0000,0.0000,1009.3
03:35:01 08/02/0024,37.762440,-122.41853,24.700,5.5000,51.439,18.150,131.00,1.0000,0.0000,1009.3
03:35:03 08/02/0024,37.762440,-122.41853,24.600,5.5000,51.450,18.150,131.00,1.0000,0.0000,1009.3
03:35:04 08/02/0024,37.762440,-122.41853,24.600,5.5000,51.490,18.150,131.00,1.0000,0.0000,1009.2
03:35:06 08/02/0024,37.762436,-122.41853,24.600,5.6000,51.520,18.150,132.00,1.0000,0.0000,1009.2
03:35:07 08/02/0024,37.762444,-122.41853,24.600,5.6000,51.529,18.150,133.00,1.0000,0.0000,1009.2
03:35:09 08/02/0024,37.762440,-122.41853,24.600,5.6000,51.549,18.150,133.00,1.0000,0.0000,1009.3
03:35:11 08/02/0024,37.762444,-122.41853,24.600,5.6000,51.549,18.145,134.00,1.0000,0.0000,1009.2
03:35:12 08/02/0024,37.762444,-122.41853,24.600,5.7000,51.540,18.145,134.00,1.0000,0.0000,1009.3
03:35:14 08/02/0024,37.762444,-122.41851,24.500,5.7000,51.520,18.145,134.00,1.0000,0.0000,1009.2
03:35:15 08/02/0024,37.762444,-122.41851,24.500,5.7000,51.520,18.145,133.00,1.0000,0.0000,1009.3
03:35:17 08/02/0024,37.762440,-122.41853,24.400,5.9000,51.509,18.145,133.00,1.0000,0.0000,1009.3
03:35:19 08/02/0024,37.762440,-122.41851,24.400,5.9000,51.509,18.145,133.00,1.0000,0.0000,1009.3
03:35:20 08/02/0024,37.762440,-122.41851,24.400,5.9000,51.520,18.145,132.00,1.0000,0.0000,1009.3
03:35:22 08/02/0024,37.762440,-122.41851,24.400,5.9000,51.509,18.145,132.00,1.0000,0.0000,1009.3
03:35:23 08/02/0024,37.762440,-122.41853,24.400,5.9000,51.520,18.145,131.00,1.0000,0.0000,1009.3
03:35:25 08/02/0024,37.762440,-122.41853,24.400,5.9000,51.529,18.145,131.00,1.0000,0.0000,1009.3
03:35:27 08/02/0024,37.762444,-122.41853,24.400,5.9000,51.529,18.145,130.00,1.0000,0.0000,1009.3
03:35:28 08/02/0024,37.762444,-122.41853,24.400,5.8000,51.540,18.145,130.00,1.0000,0.0000,1009.3
03:35:30 08/02/0024,37.762444,-122.41853,24.400,5.8000,51.540,18.145,130.00,1.0000,0.0000,1009.3
03:35:31 08/02/0024,37.762444,-122.41853,24.400,5.8000,51.549,18.145,130.00,1.0000,0.0000,1009.3
03:35:33 08/02/0024,37.762444,-122.41853,24.400,5.8000,51.570,18.145,129.00,1.0000,0.0000,1009.3
03:35:35 08/02/0024,37.762447,-122.41853,24.299,5.8000,51.570,18.145,129.00,1.0000,0.0000,1009.3
03:35:36 08/02/0024,37.762444,-122.41853,24.400,5.8000,51.580,18.145,129.00,1.0000,0.0000,1009.3
03:35:38 08/02/0024,37.762444,-122.41853,24.400,5.7000,51.590,18.145,129.00,1.0000,0.0000,1009.3
03:35:39 08/02/0024,37.762444,-122.41851,24.400,5.7000,51.599,18.145,129.00,1.0000,0.0000,1009.3
03:35:41 08/02/0024,37.762444,-122.41851,24.400,5.6000,51.599,18.145,129.00,1.0000,0.0000,1009.3
03:35:43 08/02/0024,37.762444,-122.41851,24.400,5.5000,51.610,18.145,128.00,1.0000,0.0000,1009.3
03:35:44 08/02/0024,37.762440,-122.41851,24.400,5.4000,51.619,18.139,128.00,1.0000,0.0000,1009.3
03:35:46 08/02/0024,37.762444,-122.41851,24.400,5.4000,51.630,18.139,128.00,1.0000,0.0000,1009.3
03:35:47 08/02/0024,37.762447,-122.41853,24.400,5.4000,51.639,18.139,128.00,1.0000,0.0000,1009.3
03:35:49 08/02/0024,37.762447,-122.41853,24.400,5.4000,51.639,18.139,128.00,1.0000,0.0000,1009.3
03:35:51 08/02/0024,37.762447,-122.41853,24.400,5.4000,51.660,18.139,128.00,1.0000,0.0000,1009.3
03:35:52 08/02/0024,37.762447,-122.41853,24.400,5.5000,51.669,18.139,127.00,1.0000,0.0000,1009.3
03:35:54 08/02/0024,37.762447,-122.41853,24.400,5.5000,51.669,18.139,127.00,1.0000,0.0000,1009.3
03:35:55 08/02/0024,37.762447,-122.41853,24.400,5.5000,51.669,18.139,127.00,1.0000,0.0000,1009.3
03:35:57 08/02/0024,37.762447,-122.41853,24.400,5.5000,51.669,18.139,127.00,1.0000,0.0000,1009.3
03:35:59 08/02/0024,37.762447,-122.41853,24.400,5.5000,51.669,18.139,127.00,1.0000,0.0000,1009.3
03:36:00 08/02/0024,37.762447,-122.41853,24.400,5.6000,51.660,18.139,127.00,1.0000,0.0000,1009.2
03:36:02 08/02/0024,37.762447,-122.41853,24.400,5.6000,51.650,18.139,127.00,1.0000,0.0000,1009.2
03:36:03 08/02/0024,37.762447,-122.41853,24.400,5.5000,51.639,18.139,127.00,1.0000,0.0000,1009.3
03:36:05 08/02/0024,37.762444,-122.41853,24.299,5.4000,51.639,18.139,127.00,1.0000,0.0000,1009.4
03:36:07 08/02/0024,37.762444,-122.41853,24.400,5.3000,51.680,18.139,127.00,1.0000,0.0000,1009.3
03:36:08 08/02/0024,37.762444,-122.41853,24.299,5.3000,51.700,18.139,127.00,1.0000,0.0000,1009.3
03:36:10 08/02/0024,37.762440,-122.41853,24.299,5.2000,51.750,18.139,127.00,1.0000,0.0000,1009.3
03:36:11 08/02/0024,37.762440,-122.41853,24.299,5.2000,51.759,18.139,127.00,1.0000,0.0000,1009.3
03:36:13 08/02/0024,37.762440,-122.41853,24.299,5.2000,51.770,18.139,127.00,1.0000,0.0000,1009.3
03:36:15 08/02/0024,37.762440,-122.41853,24.299,5.1000,51.770,18.139,126.00,1.0000,0.0000,1009.3
03:36:16 08/02/0024,37.762440,-122.41853,24.299,5.0000,51.770,18.139,126.00,1.0000,0.0000,1009.2
03:36:18 08/02/0024,37.762440,-122.41853,24.299,5.0000,51.779,18.139,126.00,1.0000,0.0000,1009.3
03:36:19 08/02/0024,37.762440,-122.41853,24.299,4.9000,51.810,18.135,126.00,1.0000,0.0000,1009.3
03:36:21 08/02/0024,37.762440,-122.41853,24.299,4.8000,51.820,18.135,126.00,1.0000,0.0000,1009.3
03:36:23 08/02/0024,37.762444,-122.41853,24.299,4.7000,51.820,18.135,126.00,1.0000,0.0000,1009.3
03:36:24 08/02/0024,37.762444,-122.41853,24.299,4.7000,51.830,18.135,126.00,1.0000,0.0000,1009.3
03:36:26 08/02/0024,37.762447,-122.41853,24.299,4.7000,51.820,18.135,126.00,1.0000,0.0000,1009.3
03:36:27 08/02/0024,37.762447,-122.41853,24.200,4.7000,51.810,18.135,126.00,1.0000,0.0000,1009.3
03:36:29 08/02/0024,37.762444,-122.41853,24.299,4.7000,51.790,18.135,126.00,1.0000,0.0000,1009.3
03:36:31 08/02/0024,37.762444,-122.41853,24.700,4.6000,51.779,18.135,125.00,1.0000,0.0000,1009.3
03:36:32 08/02/0024,37.762440,-122.41853,24.600,4.5000,51.759,18.135,125.00,1.0000,0.0000,1009.3
03:36:34 08/02/0024,37.762440,-122.41853,24.600,4.4000,51.750,18.135,124.00,1.0000,0.0000,1009.3
03:36:35 08/02/0024,37.762440,-122.41853,24.700,4.3000,51.740,18.135,124.00,1.0000,0.0000,1009.3
03:36:37 08/02/0024,37.762440,-122.41853,24.700,4.2000,51.730,18.135,123.00,1.0000,0.0000,1009.3
03:36:38 08/02/0024,37.762440,-122.41853,24.700,4.2000,51.730,18.135,121.00,1.0000,0.0000,1009.2
03:36:40 08/02/0024,37.762440,-122.41853,24.600,4.2000,51.720,18.135,120.00,1.0000,0.0000,1009.2
03:36:42 08/02/0024,37.762444,-122.41853,24.500,4.2000,51.720,18.135,118.00,1.0000,0.0000,1009.2
03:36:43 08/02/0024,37.762444,-122.41853,24.500,4.3000,51.730,18.135,117.00,1.0000,0.0000,1009.3
03:36:45 08/02/0024,37.762447,-122.41853,24.400,4.4000,51.740,18.135,114.00,1.0000,0.0000,1009.2
03:36:46 08/02/0024,37.762447,-122.41853,24.400,4.3000,51.730,18.135,113.00,1.0000,0.0000,1009.2
03:36:48 08/02/0024,37.762444,-122.41853,24.500,4.3000,51.709,18.135,110.00,1.0000,0.0000,1009.2
03:36:50 08/02/0024,37.762444,-122.41853,24.500,4.4000,51.669,18.135,106.00,1.0000,0.0000,1009.3
03:36:51 08/02/0024,37.762444,-122.41853,24.500,4.4000,51.660,18.135,104.00,1.0000,0.0000,1009.3
03:36:53 08/02/0024,37.762444,-122.41853,24.500,4.5000,51.650,18.135,101.00,1.0000,0.0000,1009.3
03:36:54 08/02/0024,37.762447,-122.41853,24.500,4.5000,51.639,18.135,99.000,1.0000,0.0000,1009.3
03:36:56 08/02/0024,37.762447,-122.41853,24.500,4.5000,51.630,18.135,96.000,1.0000,0.0000,1009.3
03:36:58 08/02/0024,37.762447,-122.41853,24.500,4.5000,51.610,18.135,93.000,1.0000,0.0000,1009.3
03:36:59 08/02/0024,37.762447,-122.41853,24.500,4.6000,51.599,18.129,92.000,1.0000,0.0000,1009.2
03:37:01 08/02/0024,37.762447,-122.41853,24.500,4.5000,51.610,18.129,89.000,1.0000,0.0000,1009.2
03:37:02 08/02/0024,37.762447,-122.41853,24.400,4.5000,51.610,18.129,88.000,1.0000,0.0000,1009.3
03:37:04 08/02/0024,37.762447,-122.41853,24.400,4.5000,51.619,18.129,86.000,1.0000,0.0000,1009.3
03:37:06 08/02/0024,37.762447,-122.41853,24.400,4.5000,51.630,18.129,85.000,1.0000,0.0000,1009.3
03:37:07 08/02/0024,37.762447,-122.41853,24.400,4.5000,51.639,18.129,83.000,1.0000,0.0000,1009.3
03:37:09 08/02/0024,37.762447,-122.41853,24.400,4.6000,51.660,18.129,81.000,1.0000,0.0000,1009.3
03:37:10 08/02/0024,37.762447,-122.41853,24.400,4.7000,51.669,18.129,80.000,1.0000,0.0000,1009.3
03:37:12 08/02/0024,37.762444,-122.41853,24.500,4.7000,51.700,18.129,79.000,1.0000,0.0000,1009.3
03:37:14 08/02/0024,37.762444,-122.41853,24.500,4.8000,51.709,18.129,78.000,1.0000,0.0000,1009.2
03:37:15 08/02/0024,37.762444,-122.41853,24.500,5.0000,51.730,18.129,77.000,1.0000,0.0000,1009.3
03:37:17 08/02/0024,37.762440,-122.41853,24.500,5.2000,51.740,18.129,76.000,1.0000,0.0000,1009.3
03:37:18 08/02/0024,37.762440,-122.41853,24.500,5.2000,51.740,18.129,76.000,1.0000,0.0000,1009.3
03:37:20 08/02/0024,37.762440,-122.41853,24.400,5.4000,51.740,18.129,76.000,1.0000,0.0000,1009.3
03:37:22 08/02/0024,37.762440,-122.41853,24.400,5.5000,51.740,18.129,76.000,1.0000,0.0000,1009.3
03:37:23 08/02/0024,37.762440,-122.41853,24.400,5.6000,51.759,18.129,76.000,1.0000,0.0000,1009.3
03:37:25 08/02/0024,37.762440,-122.41853,24.400,5.8000,51.759,18.129,76.000,1.0000,0.0000,1009.3
03:37:26 08/02/0024,37.762440,-122.41853,24.400,6.0000,51.770,18.129,76.000,1.0000,0.0000,1009.3
03:37:28 08/02/0024,37.762440,-122.41853,24.500,6.2000,51.779,18.129,77.000,1.0000,0.0000,1009.3
03:37:30 08/02/0024,37.762440,-122.41853,24.500,6.4000,51.790,18.129,77.000,1.0000,0.0000,1009.3
03:37:31 08/02/0024,37.762440,-122.41853,24.500,6.5000,51.790,18.129,78.000,1.0000,0.0000,1009.3
03:37:33 08/02/0024,37.762440,-122.41853,24.500,6.6000,51.799,18.129,78.000,1.0000,0.0000,1009.3
03:37:34 08/02/0024,37.762440,-122.41853,24.500,6.8000,51.799,18.129,79.000,1.0000,0.0000,1009.3
03:37:36 08/02/0024,37.762440,-122.41853,24.500,7.0000,51.810,18.129,80.000,1.0000,0.0000,1009.3
03:37:38 08/02/0024,37.762440,-122.41853,24.500,7.1000,51.810,18.129,80.000,1.0000,0.0000,1009.3
03:37:39 08/02/0024,37.762440,-122.41853,24.500,7.3000,51.810,18.129,81.000,1.0000,0.0000,1009.3
03:37:41 08/02/0024,37.762440,-122.41853,24.500,7.4000,51.810,18.129,82.000,1.0000,0.0000,1009.3
03:37:42 08/02/0024,37.762440,-122.41853,24.500,7.5000,51.810,18.129,82.000,1.0000,0.0000,1009.3
03:37:44 08/02/0024,37.762444,-122.41853,24.400,7.5000,51.810,18.129,83.000,1.0000,0.0000,1009.2
03:37:46 08/02/0024,37.762444,-122.41853,24.400,7.5000,51.810,18.129,84.000,1.0000,0.0000,1009.3
03:37:47 08/02/0024,37.762444,-122.41853,24.400,7.6000,51.799,18.129,85.000,1.0000,0.0000,1009.3
03:37:49 08/02/0024,37.762444,-122.41853,24.400,7.7000,51.799,18.129,85.000,1.0000,0.0000,1009.3
03:37:50 08/02/0024,37.762444,-122.41853,24.400,7.7000,51.820,18.129,86.000,1.0000,0.0000,1009.3
03:37:52 08/02/0024,37.762444,-122.41853,24.400,7.7000,51.820,18.129,87.000,1.0000,0.0000,1009.3
03:37:54 08/02/0024,37.762440,-122.41853,24.400,7.7000,51.840,18.125,88.000,1.0000,0.0000,1009.3
03:37:55 08/02/0024,37.762444,-122.41853,24.400,7.8000,51.860,18.125,89.000,1.0000,0.0000,1009.3
03:37:57 08/02/0024,37.762444,-122.41851,24.299,7.8000,51.869,18.125,89.000,1.0000,0.0000,1009.3
03:37:58 08/02/0024,37.762444,-122.41853,24.299,8.0000,51.880,18.125,90.000,1.0000,0.0000,1009.2
03:38:00 08/02/0024,37.762444,-122.41853,24.200,8.0000,51.880,18.125,90.000,1.0000,0.0000,1009.3
03:38:02 08/02/0024,37.762440,-122.41853,24.200,8.0000,51.880,18.125,91.000,1.0000,0.0000,1009.3
03:38:03 08/02/0024,37.762440,-122.41853,24.200,7.9000,51.880,18.125,91.000,1.0000,0.0000,1009.3
03:38:05 08/02/0024,37.762440,-122.41853,24.200,7.8000,51.880,18.125,91.000,1.0000,0.0000,1009.3
03:38:06 08/02/0024,37.762432,-122.41853,24.200,7.7000,51.869,18.125,92.000,1.0000,0.0000,1009.3
03:38:08 08/02/0024,37.762432,-122.41853,24.200,7.6000,51.869,18.125,92.000,1.0000,0.0000,1009.3
03:38:10 08/02/0024,37.762436,-122.41853,24.200,7.4000,51.880,18.125,92.000,1.0000,0.0000,1009.3
03:38:11 08/02/0024,37.762432,-122.41853,24.200,7.4000,51.869,18.125,92.000,1.0000,0.0000,1009.3
03:38:13 08/02/0024,37.762432,-122.41853,24.200,7.4000,51.869,18.125,92.000,1.0000,0.0000,1009.3
03:38:14 08/02/0024,37.762432,-122.41853,24.200,7.5000,51.860,18.125,92.000,1.0000,0.0000,1009.3
03:38:16 08/02/0024,37.762432,-122.41853,24.200,7.5000,51.849,18.125,92.000,1.0000,0.0000,1009.2
03:38:18 08/02/0024,37.762428,-122.41853,24.200,7.5000,51.830,18.125,92.000,1.0000,0.0000,1009.3
03:38:19 08/02/0024,37.762432,-122.41853,24.200,7.4000,51.830,18.125,92.000,1.0000,0.0000,1009.3
03:38:21 08/02/0024,37.762432,-122.41853,24.200,7.3000,51.830,18.125,92.000,1.0000,0.0000,1009.3
03:38:22 08/02/0024,37.762432,-122.41851,24.200,7.2000,51.820,18.125,91.000,1.0000,0.0000,1009.3
03:38:24 08/02/0024,37.762432,-122.41851,24.200,7.0000,51.820,18.125,91.000,1.0000,0.0000,1009.3
03:38:26 08/02/0024,37.762432,-122.41853,24.200,6.8000,51.820,18.125,91.000,1.0000,0.0000,1009.3
03:38:27 08/02/0024,37.762432,-122.41853,24.200,6.7000,51.820,18.125,90.000,1.0000,0.0000,1009.3
03:38:29 08/02/0024,37.762436,-122.41853,24.200,6.6000,51.820,18.125,90.000,1.0000,0.0000,1009.3
03:38:30 08/02/0024,37.762436,-122.41851,24.200,6.4000,51.830,18.125,89.000,1.0000,0.0000,1009.3
03:38:32 08/02/0024,37.762436,-122.41853,24.200,6.3000,51.830,18.125,88.000,1.0000,0.0000,1009.3
03:38:34 08/02/0024,37.762432,-122.41853,24.200,6.2000,51.830,18.125,87.000,1.0000,0.0000,1009.3
03:38:35 08/02/0024,37.762432,-122.41853,24.200,6.1000,51.830,18.125,87.000,1.0000,0.0000,1009.3
03:38:37 08/02/0024,37.762428,-122.41853,24.200,5.9000,51.830,18.125,86.000,1.0000,0.0000,1009.3
03:38:38 08/02/0024,37.762428,-122.41853,24.200,5.9000,51.820,18.125,85.000,1.0000,0.0000,1009.3
03:38:40 08/02/0024,37.762428,-122.41853,24.200,5.8000,51.830,18.125,84.000,1.0000,0.0000,1009.3
03:38:41 08/02/0024,37.762428,-122.41853,24.100,5.8000,51.820,18.125,82.000,1.0000,0.0000,1009.3
03:38:43 08/02/0024,37.762428,-122.41853,24.100,5.9000,51.820,18.125,81.000,1.0000,0.0000,1009.3
03:38:45 08/02/0024,37.762428,-122.41853,24.100,6.0000,51.820,18.125,80.000,1.0000,0.0000,1009.3
03:38:46 08/02/0024,37.762428,-122.41853,24.100,6.0000,51.820,18.125,79.000,1.0000,0.0000,1009.3
03:38:48 08/02/0024,37.762428,-122.41853,24.100,6.1000,51.820,18.125,78.000,1.0000,0.0000,1009.3
03:38:49 08/02/0024,37.762428,-122.41853,24.000,6.2000,51.810,18.125,77.000,1.0000,0.0000,1009.3
03:38:51 08/02/0024,37.762432,-122.41853,24.000,6.2000,51.810,18.125,77.000,1.0000,0.0000,1009.3
03:38:53 08/02/0024,37.762428,-122.41853,24.000,6.7000,51.820,18.125,76.000,1.0000,0.0000,1009.3
03:38:54 08/02/0024,37.762424,-122.41853,23.900,7.0000,51.820,18.125,76.000,1.0000,0.0000,1009.3
03:38:56 08/02/0024,37.762421,-122.41853,23.799,11.400,51.830,18.125,75.000,1.0000,0.0000,1009.3
03:38:57 08/02/0024,37.762421,-122.41853,23.700,12.600,51.820,18.125,75.000,1.0000,0.0000,1009.3
03:38:59 08/02/0024,37.762409,-122.41853,23.600,13.100,51.810,18.125,75.000,1.0000,0.0000,1009.3
03:39:01 08/02/0024,37.762402,-122.41853,23.600,13.200,51.810,18.125,75.000,1.0000,0.0000,1009.3
03:39:02 08/02/0024,37.762402,-122.41853,23.500,13.300,51.820,18.125,75.000,1.0000,0.0000,1009.3
03:39:04 08/02/0024,37.762402,-122.41853,23.500,13.400,51.810,18.125,75.000,1.0000,0.0000,1009.3
03:39:05 08/02/0024,37.762402,-122.41853,23.500,13.500,51.799,18.125,75.000,1.0000,0.0000,1009.4
03:39:07 08/02/0024,37.762402,-122.41853,23.500,13.500,51.790,18.125,76.000,1.0000,0.0000,1009.3
03:39:09 08/02/0024,37.762398,-122.41853,23.400,13.600,51.779,18.125,76.000,1.0000,0.0000,1009.3
03:39:10 08/02/0024,37.762394,-122.41853,23.400,13.900,51.770,18.125,76.000,1.0000,0.0000,1009.3
03:39:12 08/02/0024,37.762390,-122.41853,23.400,14.600,51.750,18.125,77.000,1.0000,0.0000,1009.3
03:39:13 08/02/0024,37.762390,-122.41853,23.400,14.900,51.740,18.125,78.000,1.0000,0.0000,1009.3
03:39:15 08/02/0024,37.762386,-122.41853,23.400,15.600,51.750,18.125,79.000,1.0000,0.0000,1009.3
03:39:17 08/02/0024,37.762386,-122.41853,23.400,15.800,51.750,18.125,79.000,1.0000,0.0000,1009.3
03:39:18 08/02/0024,37.762383,-122.41853,23.400,16.200,51.750,18.125,80.000,1.0000,0.0000,1009.3
03:39:20 08/02/0024,37.762383,-122.41853,23.400,16.600,51.759,18.125,81.000,1.0000,0.0000,1009.3
03:39:21 08/02/0024,37.762383,-122.41853,23.400,16.799,51.759,18.125,82.000,1.0000,0.0000,1009.3
03:39:23 08/02/0024,37.762386,-122.41853,23.400,17.000,51.759,18.125,83.000,1.0000,0.0000,1009.3
03:39:25 08/02/0024,37.762383,-122.41853,23.400,17.000,51.750,18.125,83.000,1.0000,0.0000,1009.3
03:39:26 08/02/0024,37.762383,-122.41851,23.400,17.100,51.770,18.125,84.000,1.0000,0.0000,1009.3
03:39:28 08/02/0024,37.762386,-122.41851,23.400,17.000,51.770,18.125,85.000,1.0000,0.0000,1009.3
03:39:29 08/02/0024,37.762390,-122.41851,23.400,17.000,51.779,18.125,86.000,1.0000,0.0000,1009.3
03:39:31 08/02/0024,37.762390,-122.41851,23.400,16.900,51.790,18.125,87.000,1.0000,0.0000,1009.3
03:39:33 08/02/0024,37.762394,-122.41851,23.400,16.900,51.790,18.125,87.000,1.0000,0.0000,1009.3
03:39:34 08/02/0024,37.762398,-122.41851,23.299,16.700,51.840,18.125,88.000,1.0000,0.0000,1009.3
03:39:36 08/02/0024,37.762405,-122.41851,23.299,16.400,51.900,18.125,88.000,1.0000,0.0000,1009.3
03:39:37 08/02/0024,37.762405,-122.41851,23.299,16.200,51.930,18.125,89.000,1.0000,0.0000,1009.3
03:39:39 08/02/0024,37.762409,-122.41851,23.299,15.900,51.970,18.125,89.000,1.0000,0.0000,1009.3
03:39:41 08/02/0024,37.762413,-122.41851,23.299,15.700,51.980,18.125,89.000,1.0000,0.0000,1009.3
03:39:42 08/02/0024,37.762417,-122.41851,23.200,15.300,52.000,18.125,90.000,1.0000,0.0000,1009.3
03:39:44 08/02/0024,37.762421,-122.41851,23.200,15.100,52.009,18.125,90.000,1.0000,0.0000,1009.3
03:39:45 08/02/0024,37.762421,-122.41851,23.200,14.600,52.029,18.125,90.000,1.0000,0.0000,1009.3
03:39:47 08/02/0024,37.762421,-122.41851,23.200,14.000,52.029,18.125,90.000,1.0000,0.0000,1009.3
03:39:49 08/02/0024,37.762424,-122.41851,23.200,13.700,52.029,18.125,90.000,1.0000,0.0000,1009.3
03:39:50 08/02/0024,37.762424,-122.41851,23.200,13.200,52.020,18.125,90.000,1.0000,0.0000,1009.3
03:39:52 08/02/0024,37.762424,-122.41851,23.200,13.000,52.009,18.125,90.000,1.0000,0.0000,1009.3
03:39:53 08/02/0024,37.762421,-122.41851,23.100,12.700,52.000,18.125,90.000,1.0000,0.0000,1009.3
03:39:55 08/02/0024,37.762421,-122.41851,23.100,12.600,51.990,18.125,90.000,1.0000,0.0000,1009.2
03:39:57 08/02/0024,37.762421,-122.41851,23.100,12.700,51.990,18.125,90.000,1.0000,0.0000,1009.3
03:39:58 08/02/0024,37.762421,-122.41851,23.100,12.600,51.980,18.125,91.000,1.0000,0.0000,1009.3
03:40:00 08/02/0024,37.762421,-122.41851,23.200,12.500,51.980,18.125,91.000,1.0000,0.0000,1009.3
03:40:01 08/02/0024,37.762421,-122.41851,23.200,12.300,51.950,18.125,91.000,1.0000,0.0000,1009.3
03:40:03 08/02/0024,37.762421,-122.41851,23.100,12.100,51.919,18.125,91.000,1.0000,0.0000,1009.3
03:40:05 08/02/0024,37.762421,-122.41851,23.100,11.700,51.869,18.125,90.000,1.0000,0.0000,1009.3
03:40:06 08/02/0024,37.762421,-122.41851,23.100,11.200,51.799,18.125,90.000,1.0000,0.0000,1009.3
03:40:08 08/02/0024,37.762424,-122.41851,23.100,11.000,51.779,18.125,90.000,1.0000,0.0000,1009.3
03:40:09 08/02/0024,37.762424,-122.41851,23.100,10.500,51.740,18.125,89.000,1.0000,0.0000,1009.3
03:40:11 08/02/0024,37.762424,-122.41851,23.200,10.300,51.730,18.125,89.000,1.0000,0.0000,1009.3
03:40:13 08/02/0024,37.762424,-122.41851,23.000,9.8000,51.709,18.120,88.000,1.0000,0.0000,1009.3
03:40:14 08/02/0024,37.762424,-122.41851,23.000,9.3000,51.700,18.120,87.000,1.0000,0.0000,1009.3
03:40:16 08/02/0024,37.762424,-122.41851,23.100,9.0000,51.709,18.120,86.000,1.0000,0.0000,1009.3
03:40:17 08/02/0024,37.762421,-122.41851,23.100,8.7000,51.720,18.120,85.000,1.0000,0.0000,1009.3
03:40:19 08/02/0024,37.762421,-122.41851,23.100,8.5000,51.730,18.120,84.000,1.0000,0.0000,1009.3
03:40:21 08/02/0024,37.762428,-122.41851,23.100,8.2000,51.740,18.120,82.000,1.0000,0.0000,1009.3
03:40:22 08/02/0024,37.762428,-122.41851,23.100,8.0000,51.750,18.120,80.000,1.0000,0.0000,1009.3
03:40:24 08/02/0024,37.762432,-122.41851,23.100,7.8000,51.750,18.120,80.000,1.0000,0.0000,1009.3
03:40:25 08/02/0024,37.762432,-122.41851,23.000,7.6000,51.770,18.120,78.000,1.0000,0.0000,1009.4
03:40:27 08/02/0024,37.762436,-122.41851,23.000,7.5000,51.779,18.120,77.000,1.0000,0.0000,1009.3
03:40:29 08/02/0024,37.762436,-122.41851,22.799,7.2000,51.790,18.120,75.000,1.0000,0.0000,1009.3
03:40:30 08/02/0024,37.762436,-122.41851,22.799,7.2000,51.799,18.125,75.000,1.0000,0.0000,1009.3
03:40:32 08/02/0024,37.762440,-122.41851,22.799,7.1000,51.820,18.125,73.000,1.0000,0.0000,1009.3
03:40:33 08/02/0024,37.762440,-122.41851,22.799,7.0000,51.820,18.125,72.000,1.0000,0.0000,1009.3
03:40:35 08/02/0024,37.762432,-122.41851,22.799,7.0000,51.820,18.125,71.000,1.0000,0.0000,1009.3
03:40:37 08/02/0024,37.762428,-122.41851,22.799,6.9000,51.820,18.125,70.000,1.0000,0.0000,1009.3
03:40:38 08/02/0024,37.762428,-122.41853,22.799,6.9000,51.820,18.125,69.000,1.0000,0.0000,1009.3
03:40:40 08/02/0024,37.762428,-122.41853,22.799,6.8000,51.799,18.125,68.000,1.0000,0.0000,1009.3
03:40:41 08/02/0024,37.762428,-122.41853,22.799,6.9000,51.799,18.125,67.000,1.0000,0.0000,1009.3
03:40:43 08/02/0024,37.762428,-122.41851,22.799,7.0000,51.790,18.125,66.000,1.0000,0.0000,1009.3
03:40:44 08/02/0024,37.762432,-122.41853,22.799,7.0000,51.799,18.125,65.000,1.0000,0.0000,1009.3
03:40:46 08/02/0024,37.762432,-122.41853,22.799,7.0000,51.799,18.125,65.000,1.0000,0.0000,1009.3
03:40:48 08/02/0024,37.762432,-122.41853,22.700,7.1000,51.810,18.125,64.000,1.0000,0.0000,1009.3
03:40:49 08/02/0024,37.762432,-122.41853,22.700,7.1000,51.810,18.125,63.000,1.0000,0.0000,1009.3
03:40:51 08/02/0024,37.762432,-122.41853,22.600,7.1000,51.799,18.125,62.000,1.0000,0.0000,1009.3
03:40:52 08/02/0024,37.762432,-122.41853,22.500,7.1000,51.799,18.125,62.000,1.0000,0.0000,1009.3
03:40:54 08/02/0024,37.762432,-122.41853,22.400,7.1000,51.799,18.125,61.000,1.0000,0.0000,1009.3
03:40:56 08/02/0024,37.762428,-122.41853,22.400,7.2000,51.799,18.125,60.000,1.0000,0.0000,1009.3
03:40:57 08/02/0024,37.762432,-122.41853,22.299,7.2000,51.810,18.125,60.000,1.0000,0.0000,1009.3
03:40:59 08/02/0024,37.762432,-122.41853,22.299,7.2000,51.820,18.125,59.000,1.0000,0.0000,1009.3
03:41:00 08/02/0024,37.762428,-122.41853,22.299,7.3000,51.830,18.125,59.000,1.0000,0.0000,1009.3
03:41:02 08/02/0024,37.762428,-122.41853,22.299,7.3000,51.830,18.125,58.000,1.0000,0.0000,1009.4
03:41:04 08/02/0024,37.762428,-122.41853,22.299,7.4000,51.840,18.125,58.000,1.0000,0.0000,1009.4
03:41:05 08/02/0024,37.762428,-122.41851,22.299,7.4000,51.840,18.125,58.000,1.0000,0.0000,1009.3
03:41:07 08/02/0024,37.762428,-122.41853,22.299,7.7000,51.840,18.125,58.000,1.0000,0.0000,1009.3
03:41:08 08/02/0024,37.762428,-122.41853,22.299,7.7000,51.840,18.125,58.000,1.0000,0.0000,1009.3
03:41:10 08/02/0024,37.762432,-122.41853,22.299,8.0000,51.860,18.125,58.000,1.0000,0.0000,1009.3
03:41:12 08/02/0024,37.762432,-122.41853,22.299,8.2000,51.880,18.125,58.000,1.0000,0.0000,1009.3
03:41:13 08/02/0024,37.762432,-122.41853,22.299,8.3000,51.889,18.125,58.000,1.0000,0.0000,1009.3
03:41:15 08/02/0024,37.762432,-122.41853,22.299,8.6000,51.900,18.125,58.000,1.0000,0.0000,1009.2
03:41:16 08/02/0024,37.762432,-122.41853,22.299,8.7000,51.910,18.125,59.000,1.0000,0.0000,1009.2
03:41:18 08/02/0024,37.762428,-122.41853,22.200,8.8000,51.910,18.125,59.000,1.0000,0.0000,1009.2
03:41:20 08/02/0024,37.762428,-122.41853,22.200,8.8000,51.919,18.125,59.000,1.0000,0.0000,1009.3
03:41:21 08/02/0024,37.762428,-122.41853,22.200,8.8000,51.930,18.125,59.000,1.0000,0.0000,1009.3
03:41:23 08/02/0024,37.762432,-122.41853,22.200,8.9000,51.939,18.125,59.000,1.0000,0.0000,1009.3
03:41:24 08/02/0024,37.762432,-122.41853,22.200,8.9000,51.939,18.125,59.000,1.0000,0.0000,1009.3
03:41:26 08/02/0024,37.762432,-122.41853,22.200,8.9000,51.950,18.125,60.000,1.0000,0.0000,1009.3
03:41:28 08/02/0024,37.762436,-122.41853,22.200,8.8000,51.970,18.125,60.000,1.0000,0.0000,1009.3
03:41:29 08/02/0024,37.762440,-122.41853,22.200,8.8000,51.970,18.125,60.000,1.0000,0.0000,1009.3
03:41:31 08/02/0024,37.762440,-122.41853,22.200,8.7000,51.980,18.125,60.000,1.0000,0.0000,1009.3
03:41:32 08/02/0024,37.762440,-122.41853,22.200,8.7000,51.980,18.125,60.000,1.0000,0.0000,1009.3
03:41:34 08/02/0024,37.762444,-122.41853,22.200,8.6000,51.980,18.125,60.000,1.0000,0.0000,1009.3
03:41:36 08/02/0024,37.762444,-122.41853,22.100,8.6000,51.980,18.125,60.000,1.0000,0.0000,1009.3
03:41:37 08/02/0024,37.762444,-122.41853,22.100,8.5000,51.970,18.125,60.000,1.0000,0.0000,1009.4
03:41:39 08/02/0024,37.762444,-122.41853,22.100,8.4000,51.959,18.125,60.000,1.0000,0.0000,1009.4
03:41:40 08/02/0024,37.762444,-122.41853,22.100,8.3000,51.980,18.125,60.000,1.0000,0.0000,1009.4
03:41:42 08/02/0024,37.762444,-122.41853,22.100,8.2000,51.990,18.125,60.000,1.0000,0.0000,1009.3
03:41:44 08/02/0024,37.762447,-122.41853,22.100,8.1000,51.990,18.125,61.000,1.0000,0.0000,1009.4
03:41:45 08/02/0024,37.762447,-122.41853,22.100,7.9000,52.000,18.125,61.000,1.0000,0.0000,1009.4
03:41:47 08/02/0024,37.762447,-122.41853,22.100,7.6000,51.990,18.125,61.000,1.0000,0.0000,1009.4
03:41:48 08/02/0024,37.762447,-122.41853,22.100,7.4000,52.000,18.125,61.000,1.0000,0.0000,1009.4
03:41:50 08/02/0024,37.762447,-122.41853,22.100,7.2000,52.009,18.125,61.000,1.0000,0.0000,1009.3
03:41:52 08/02/0024,37.762447,-122.41853,22.100,7.1000,52.020,18.125,61.000,1.0000,0.0000,1009.3
03:41:53 08/02/0024,37.762447,-122.41853,22.100,7.1000,52.009,18.125,61.000,1.0000,0.0000,1009.3
03:41:55 08/02/0024,37.762447,-122.41853,22.100,7.1000,52.009,18.125,61.000,1.0000,0.0000,1009.3
03:41:56 08/02/0024,37.762447,-122.41853,22.100,6.9000,52.000,18.125,60.000,1.0000,0.0000,1009.2
03:41:58 08/02/0024,37.762447,-122.41853,22.100,6.8000,52.009,18.125,60.000,1.0000,0.0000,1009.2
03:42:00 08/02/0024,37.762447,-122.41853,22.100,6.7000,52.000,18.125,60.000,1.0000,0.0000,1009.3
03:42:01 08/02/0024,37.762451,-122.41853,22.100,6.6000,52.000,18.125,60.000,1.0000,0.0000,1009.2
03:42:03 08/02/0024,37.762447,-122.41853,22.100,6.5000,52.000,18.129,60.000,1.0000,0.0000,1009.3
03:42:04 08/02/0024,37.762451,-122.41853,22.100,6.6000,51.990,18.129,60.000,1.0000,0.0000,1009.3
03:42:06 08/02/0024,37.762451,-122.41853,22.000,6.6000,51.990,18.129,60.000,1.0000,0.0000,1009.3
03:42:08 08/02/0024,37.762451,-122.41853,21.900,6.7000,51.980,18.129,60.000,1.0000,0.0000,1009.3
03:42:09 08/02/0024,37.762451,-122.41853,21.900,6.8000,51.970,18.129,59.000,1.0000,0.0000,1009.3
03:42:11 08/02/0024,37.762451,-122.41853,21.900,6.9000,51.959,18.129,59.000,1.0000,0.0000,1009.3
03:42:12 08/02/0024,37.762451,-122.41853,21.900,7.1000,51.950,18.129,59.000,1.0000,0.0000,1009.3
03:42:14 08/02/0024,37.762455,-122.41853,22.000,7.2000,51.950,18.129,59.000,1.0000,0.0000,1009.3
03:42:16 08/02/0024,37.762455,-122.41853,22.000,7.3000,51.939,18.129,59.000,1.0000,0.0000,1009.3
03:42:17 08/02/0024,37.762459,-122.41853,22.000,7.5000,51.919,18.129,58.000,1.0000,0.0000,1009.3
03:42:19 08/02/0024,37.762463,-122.41853,22.000,7.6000,51.919,18.129,58.000,1.0000,0.0000,1009.3
03:42:20 08/02/0024,37.762459,-122.41853,22.000,7.7000,51.910,18.129,58.000,1.0000,0.0000,1009.3
03:42:22 08/02/0024,37.762459,-122.41854,22.000,7.8000,51.910,18.129,58.000,1.0000,0.0000,1009.3
03:42:24 08/02/0024,37.762463,-122.41854,22.000,7.8000,51.900,18.129,58.000,1.0000,0.0000,1009.3
03:42:25 08/02/0024,37.762463,-122.41854,22.000,7.8000,51.900,18.129,57.000,1.0000,0.0000,1009.3
03:42:27 08/02/0024,37.762466,-122.41854,22.000,7.8000,51.910,18.129,57.000,1.0000,0.0000,1009.3
03:42:28 08/02/0024,37.762463,-122.41854,21.900,7.7000,51.910,18.129,57.000,1.0000,0.0000,1009.3
03:42:30 08/02/0024,37.762474,-122.41854,21.900,7.6000,51.910,18.129,57.000,1.0000,0.0000,1009.3
03:42:32 08/02/0024,37.762478,-122.41854,21.900,7.5000,51.900,18.129,57.000,1.0000,0.0000,1009.3
03:42:33 08/02/0024,37.762482,-122.41854,22.000,7.4000,51.900,18.129,57.000,1.0000,0.0000,1009.3
03:42:35 08/02/0024,37.762478,-122.41854,22.299,7.4000,51.910,18.129,57.000,1.0000,0.0000,1009.3
03:42:36 08/02/0024,37.762478,-122.41854,22.299,7.5000,51.910,18.129,57.000,1.0000,0.0000,1009.3
03:42:38 08/02/0024,37.762478,-122.41854,22.400,7.5000,51.910,18.129,57.000,1.0000,0.0000,1009.3
03:42:40 08/02/0024,37.762474,-122.41854,22.500,7.6000,51.910,18.129,57.000,1.0000,0.0000,1009.3
03:42:41 08/02/0024,37.762474,-122.41854,22.500,7.6000,51.900,18.129,57.000,1.0000,0.0000,1009.3
03:42:43 08/02/0024,37.762474,-122.41854,22.600,7.6000,51.889,18.129,56.000,1.0000,0.0000,1009.3
03:42:44 08/02/0024,37.762474,-122.41854,22.600,7.8000,51.889,18.129,56.000,1.0000,0.0000,1009.3
03:42:46 08/02/0024,37.762474,-122.41854,22.500,7.8000,51.889,18.129,56.000,1.0000,0.0000,1009.3
03:42:47 08/02/0024,37.762466,-122.41854,22.400,7.9000,51.880,18.129,56.000,1.0000,0.0000,1009.3
03:42:49 08/02/0024,37.762466,-122.41854,22.400,8.0000,51.869,18.129,56.000,1.0000,0.0000,1009.3
03:42:51 08/02/0024,37.762463,-122.41854,22.299,8.1000,51.860,18.129,55.000,1.0000,0.0000,1009.3
03:42:52 08/02/0024,37.762466,-122.41854,22.299,8.1000,51.849,18.129,55.000,1.0000,0.0000,1009.3
03:42:54 08/02/0024,37.762466,-122.41854,22.299,8.1000,51.840,18.129,55.000,1.0000,0.0000,1009.3
03:42:55 08/02/0024,37.762470,-122.41854,22.299,8.2000,51.830,18.129,55.000,1.0000,0.0000,1009.3
03:42:57 08/02/0024,37.762470,-122.41854,22.299,8.2000,51.830,18.129,54.000,1.0000,0.0000,1009.3
03:42:59 08/02/0024,37.762474,-122.41854,22.299,8.2000,51.820,18.129,54.000,1.0000,0.0000,1009.3
03:43:00 08/02/0024,37.762470,-122.41854,22.200,8.2000,51.830,18.129,54.000,1.0000,0.0000,1009.3
03:43:02 08/02/0024,37.762470,-122.41854,22.200,8.4000,51.820,18.129,54.000,1.0000,0.0000,1009.3
03:43:03 08/02/0024,37.762466,-122.41854,22.299,8.5000,51.820,18.135,54.000,1.0000,0.0000,1009.3
03:43:05 08/02/0024,37.762463,-122.41854,22.100,8.5000,51.830,18.135,53.000,1.0000,0.0000,1009.3
03:43:07 08/02/0024,37.762459,-122.41854,22.100,8.4000,51.830,18.135,53.000,1.0000,0.0000,1009.3
03:43:08 08/02/0024,37.762459,-122.41854,22.000,8.4000,51.840,18.135,53.000,1.0000,0.0000,1009.3
03:43:10 08/02/0024,37.762459,-122.41854,22.000,8.3000,51.840,18.135,53.000,1.0000,0.0000,1009.3
03:43:11 08/02/0024,37.762459,-122.41854,22.000,8.2000,51.849,18.135,53.000,1.0000,0.0000,1009.3
03:43:13 08/02/0024,37.762459,-122.41854,22.000,8.2000,51.840,18.135,53.000,1.0000,0.0000,1009.3
03:43:15 08/02/0024,37.762463,-122.41855,22.000,8.1000,51.840,18.135,52.000,1.0000,0.0000,1009.3
03:43:16 08/02/0024,37.762463,-122.41855,22.000,8.1000,51.840,18.135,52.000,1.0000,0.0000,1009.3
03:43:18 08/02/0024,37.762463,-122.41855,22.000,8.2000,51.849,18.135,52.000,1.0000,0.0000,1009.3
03:43:19 08/02/0024,37.762463,-122.41855,22.000,8.2000,51.860,18.135,52.000,1.0000,0.0000,1009.3
03:43:21 08/02/0024,37.762466,-122.41855,22.000,8.2000,51.860,18.135,52.000,1.0000,0.0000,1009.3
03:43:23 08/02/0024,37.762466,-122.41855,22.000,8.3000,51.880,18.135,52.000,1.0000,0.0000,1009.3
03:43:24 08/02/0024,37.762470,-122.41855,22.000,8.4000,51.880,18.135,52.000,1.0000,0.0000,1009.3
03:43:26 08/02/0024,37.762470,-122.41857,21.900,8.3000,51.900,18.135,52.000,1.0000,0.0000,1009.3
03:43:27 08/02/0024,37.762470,-122.41857,21.900,8.3000,51.910,18.135,52.000,1.0000,0.0000,1009.3
03:43:29 08/02/0024,37.762470,-122.41857,22.000,8.3000,51.939,18.135,52.000,1.0000,0.0000,1009.3
03:43:31 08/02/0024,37.762470,-122.41857,22.000,8.4000,51.970,18.135,53.000,1.0000,0.0000,1009.3
03:43:32 08/02/0024,37.762466,-122.41857,22.000,8.5000,51.980,18.135,53.000,1.0000,0.0000,1009.3
03:43:34 08/02/0024,37.762466,-122.41858,22.000,8.6000,52.000,18.135,53.000,1.0000,0.0000,1009.3
03:43:35 08/02/0024,37.762466,-122.41858,22.000,8.6000,52.000,18.135,53.000,1.0000,0.0000,1009.3
03:43:37 08/02/0024,37.762466,-122.41857,21.900,8.5000,52.009,18.135,54.000,1.0000,0.0000,1009.3
03:43:39 08/02/0024,37.762466,-122.41857,21.900,8.4000,52.000,18.135,54.000,1.0000,0.0000,1009.3
03:43:40 08/02/0024,37.762466,-122.41857,21.900,8.4000,52.000,18.135,54.000,1.0000,0.0000,1009.3
03:43:42 08/02/0024,37.762466,-122.41857,21.900,8.4000,52.000,18.135,54.000,1.0000,0.0000,1009.3
03:43:43 08/02/0024,37.762470,-122.41857,21.799,8.4000,51.990,18.135,54.000,1.0000,0.0000,1009.3
03:43:45 08/02/0024,37.762470,-122.41858,21.900,8.4000,51.959,18.135,54.000,1.0000,0.0000,1009.3
03:43:47 08/02/0024,37.762470,-122.41858,21.900,8.3000,51.939,18.135,54.000,1.0000,0.0000,1009.3
03:43:48 08/02/0024,37.762470,-122.41858,21.900,8.2000,51.889,18.135,53.000,1.0000,0.0000,1009.4
03:43:50 08/02/0024,37.762470,-122.41858,21.900,8.1000,51.830,18.135,53.000,1.0000,0.0000,1009.3
03:43:51 08/02/0024,37.762470,-122.41858,21.900,8.0000,51.799,18.135,53.000,1.0000,0.0000,1009.3
03:43:53 08/02/0024,37.762470,-122.41858,21.900,7.8000,51.750,18.135,52.000,1.0000,0.0000,1009.4
03:43:55 08/02/0024,37.762470,-122.41858,21.900,7.7000,51.730,18.135,52.000,1.0000,0.0000,1009.3
03:43:56 08/02/0024,37.762474,-122.41858,21.900,7.6000,51.689,18.135,51.000,1.0000,0.0000,1009.3
03:43:58 08/02/0024,37.762474,-122.41858,21.900,7.5000,51.660,18.135,50.000,1.0000,0.0000,1009.3
03:43:59 08/02/0024,37.762474,-122.41858,21.799,7.5000,51.639,18.135,50.000,1.0000,0.0000,1009.3
03:44:01 08/02/0024,37.762478,-122.41858,22.000,7.4000,51.610,18.135,49.000,1.0000,0.0000,1009.3
03:44:03 08/02/0024,37.762478,-122.41858,22.000,7.4000,51.599,18.135,49.000,1.0000,0.0000,1009.3
03:44:04 08/02/0024,37.762478,-122.41858,22.000,7.3000,51.570,18.135,48.000,1.0000,0.0000,1009.3
03:44:06 08/02/0024,37.762478,-122.41858,22.100,7.2000,51.570,18.135,48.000,1.0000,0.0000,1009.3
03:44:07 08/02/0024,37.762478,-122.41858,22.200,7.2000,51.570,18.139,47.000,1.0000,0.0000,1009.3
03:44:09 08/02/0024,37.762474,-122.41858,22.000,7.3000,51.580,18.139,46.000,1.0000,0.0000,1009.3
03:44:11 08/02/0024,37.762474,-122.41858,22.000,7.4000,51.590,18.139,46.000,1.0000,0.0000,1009.3
03:44:12 08/02/0024,37.762474,-122.41858,21.900,7.5000,51.610,18.139,46.000,1.0000,0.0000,1009.3
03:44:14 08/02/0024,37.762474,-122.41858,22.000,7.5000,51.619,18.139,46.000,1.0000,0.0000,1009.4
03:44:15 08/02/0024,37.762474,-122.41858,21.900,7.5000,51.630,18.139,45.000,1.0000,0.0000,1009.3
03:44:17 08/02/0024,37.762474,-122.41858,21.900,7.6000,51.650,18.139,45.000,1.0000,0.0000,1009.3
03:44:19 08/02/0024,37.762474,-122.41858,21.900,7.6000,51.660,18.139,45.000,1.0000,0.0000,1009.3
03:44:20 08/02/0024,37.762474,-122.41858,21.900,7.6000,51.689,18.139,45.000,1.0000,0.0000,1009.4
03:44:22 08/02/0024,37.762474,-122.41858,22.000,7.6000,51.700,18.139,45.000,1.0000,0.0000,1009.4
03:44:23 08/02/0024,37.762478,-122.41858,22.000,7.6000,51.709,18.139,45.000,1.0000,0.0000,1009.3
03:44:25 08/02/0024,37.762478,-122.41858,21.900,7.6000,51.730,18.139,45.000,1.0000,0.0000,1009.4
03:44:27 08/02/0024,37.762478,-122.41858,21.900,7.6000,51.730,18.139,45.000,1.0000,0.0000,1009.4
03:44:28 08/02/0024,37.762478,-122.41858,21.799,7.6000,51.720,18.139,45.000,1.0000,0.0000,1009.3
03:44:30 08/02/0024,37.762482,-122.41858,21.900,7.7000,51.700,18.139,45.000,1.0000,0.0000,1009.4
03:44:31 08/02/0024,37.762482,-122.41858,21.900,7.6000,51.660,18.139,44.000,1.0000,0.0000,1009.3
03:44:33 08/02/0024,37.762482,-122.41858,21.799,7.6000,51.639,18.139,44.000,1.0000,0.0000,1009.4
03:44:35 08/02/0024,37.762482,-122.41858,21.900,7.5000,51.560,18.139,44.000,1.0000,0.0000,1009.3
03:44:36 08/02/0024,37.762482,-122.41858,21.900,7.5000,51.490,18.139,43.000,1.0000,0.0000,1009.4
03:44:38 08/02/0024,37.762486,-122.41857,21.900,7.5000,51.459,18.139,42.000,1.0000,0.0000,1009.3
03:44:39 08/02/0024,37.762489,-122.41858,21.900,7.3000,51.389,18.139,42.000,1.0000,0.0000,1009.3
03:44:41 08/02/0024,37.762489,-122.41858,21.900,7.2000,51.360,18.139,41.000,1.0000,0.0000,1009.3
03:44:43 08/02/0024,37.762497,-122.41858,21.900,7.1000,51.349,18.139,40.000,1.0000,0.0000,1009.3
03:44:44 08/02/0024,37.762501,-122.41858,21.900,7.0000,51.349,18.139,40.000,1.0000,0.0000,1009.3
03:44:46 08/02/0024,37.762501,-122.41858,21.900,7.0000,51.360,18.139,39.000,1.0000,0.0000,1009.3
03:44:47 08/02/0024,37.762501,-122.41858,21.900,7.0000,51.389,18.139,39.000,1.0000,0.0000,1009.3
03:44:49 08/02/0024,37.762501,-122.41858,21.900,7.0000,51.400,18.139,39.000,1.0000,0.0000,1009.3
03:44:51 08/02/0024,37.762501,-122.41858,22.000,7.1000,51.430,18.139,39.000,1.0000,0.0000,1009.3
03:44:52 08/02/0024,37.762501,-122.41858,22.000,7.1000,51.439,18.139,39.000,1.0000,0.0000,1009.4
03:44:54 08/02/0024,37.762501,-122.41858,22.000,7.0000,51.459,18.139,39.000,1.0000,0.0000,1009.3
03:44:55 08/02/0024,37.762501,-122.41858,22.000,6.9000,51.470,18.139,39.000,1.0000,0.0000,1009.3
03:44:57 08/02/0024,37.762501,-122.41858,22.000,7.0000,51.470,18.139,39.000,1.0000,0.0000,1009.4
03:44:58 08/02/0024,37.762497,-122.41857,22.000,6.9000,51.470,18.139,39.000,1.0000,0.0000,1009.3
03:45:00 08/02/0024,37.762497,-122.41857,22.000,6.9000,51.470,18.139,39.000,1.0000,0.0000,1009.3
03:45:02 08/02/0024,37.762497,-122.41857,22.000,7.0000,51.480,18.139,39.000,1.0000,0.0000,1009.3
03:45:03 08/02/0024,37.762497,-122.41857,21.900,7.1000,51.500,18.145,39.000,1.0000,0.0000,1009.3
03:45:05 08/02/0024,37.762501,-122.41857,22.000,7.1000,51.509,18.145,39.000,1.0000,0.0000,1009.3
03:45:07 08/02/0024,37.762501,-122.41857,22.000,7.3000,51.520,18.145,39.000,1.0000,0.0000,1009.3
03:45:08 08/02/0024,37.762501,-122.41857,22.000,7.3000,51.529,18.145,39.000,1.0000,0.0000,1009.3
03:45:10 08/02/0024,37.762501,-122.41857,21.900,7.4000,51.549,18.145,40.000,1.0000,0.0000,1009.4
03:45:11 08/02/0024,37.762505,-122.41857,21.900,7.5000,51.570,18.145,40.000,1.0000,0.0000,1009.3
03:45:13 08/02/0024,37.762505,-122.41857,21.900,7.5000,51.590,18.145,40.000,1.0000,0.0000,1009.3
03:45:14 08/02/0024,37.762505,-122.41857,21.900,7.5000,51.610,18.145,40.000,1.0000,0.0000,1009.3
03:45:16 08/02/0024,37.762501,-122.41855,21.900,7.5000,51.619,18.145,40.000,1.0000,0.0000,1009.4
03:45:18 08/02/0024,37.762501,-122.41855,21.900,7.5000,51.639,18.145,40.000,1.0000,0.0000,1009.3
03:45:19 08/02/0024,37.762501,-122.41857,21.900,7.5000,51.639,18.145,41.000,1.0000,0.0000,1009.3
03:45:21 08/02/0024,37.762501,-122.41857,21.900,7.4000,51.669,18.145,41.000,1.0000,0.0000,1009.4
03:45:22 08/02/0024,37.762501,-122.41857,21.900,7.3000,51.689,18.145,41.000,1.0000,0.0000,1009.4
03:45:24 08/02/0024,37.762501,-122.41857,22.000,7.3000,51.689,18.145,41.000,1.0000,0.0000,1009.4
03:45:26 08/02/0024,37.762505,-122.41857,22.000,7.4000,51.700,18.145,41.000,1.0000,0.0000,1009.4
03:45:27 08/02/0024,37.762505,-122.41857,22.000,7.5000,51.709,18.145,41.000,1.0000,0.0000,1009.4
03:45:29 08/02/0024,37.762505,-122.41857,22.000,7.7000,51.730,18.145,41.000,1.0000,0.0000,1009.4
03:45:30 08/02/0024,37.762501,-122.41857,22.100,7.9000,51.730,18.145,42.000,1.0000,0.0000,1009.4
03:45:32 08/02/0024,37.762497,-122.41857,22.100,7.9000,51.730,18.145,42.000,1.0000,0.0000,1009.4
03:45:34 08/02/0024,37.762497,-122.41857,22.100,7.9000,51.740,18.145,42.000,1.0000,0.0000,1009.4
03:45:35 08/02/0024,37.762493,-122.41857,22.100,7.9000,51.740,18.145,42.000,1.0000,0.0000,1009.3
03:45:37 08/02/0024,37.762489,-122.41857,22.100,7.8000,51.730,18.145,42.000,1.0000,0.0000,1009.4
03:45:38 08/02/0024,37.762486,-122.41857,22.200,7.7000,51.730,18.145,42.000,1.0000,0.0000,1009.4
03:45:40 08/02/0024,37.762482,-122.41857,22.000,7.6000,51.730,18.145,42.000,1.0000,0.0000,1009.4
03:45:42 08/02/0024,37.762474,-122.41857,22.000,7.5000,51.740,18.145,43.000,1.0000,0.0000,1009.4
03:45:43 08/02/0024,37.762474,-122.41857,22.000,7.4000,51.740,18.145,43.000,1.0000,0.0000,1009.4
03:45:45 08/02/0024,37.762470,-122.41857,22.000,7.3000,51.740,18.145,43.000,1.0000,0.0000,1009.4
03:45:46 08/02/0024,37.762470,-122.41857,22.100,7.3000,51.740,18.145,43.000,1.0000,0.0000,1009.4
03:45:48 08/02/0024,37.762470,-122.41857,22.100,7.3000,51.740,18.145,43.000,1.0000,0.0000,1009.4
03:45:50 08/02/0024,37.762470,-122.41857,22.100,7.3000,51.740,18.145,43.000,1.0000,0.0000,1009.4
03:45:51 08/02/0024,37.762466,-122.41857,22.100,7.4000,51.740,18.145,44.000,1.0000,0.0000,1009.4
03:45:53 08/02/0024,37.762466,-122.41855,22.100,7.5000,51.740,18.145,44.000,1.0000,0.0000,1009.4
03:45:54 08/02/0024,37.762466,-122.41855,22.100,7.6000,51.740,18.145,44.000,1.0000,0.0000,1009.4
03:45:56 08/02/0024,37.762466,-122.41855,22.100,7.8000,51.709,18.145,44.000,1.0000,0.0000,1009.4
03:45:58 08/02/0024,37.762470,-122.41855,22.100,7.9000,51.709,18.145,44.000,1.0000,0.0000,1009.4
03:45:59 08/02/0024,37.762470,-122.41855,22.100,8.0000,51.700,18.145,44.000,1.0000,0.0000,1009.4
03:46:01 08/02/0024,37.762470,-122.41855,22.100,8.2000,51.689,18.145,44.000,1.0000,0.0000,1009.4
03:46:02 08/02/0024,37.762470,-122.41855,22.100,8.2000,51.680,18.145,44.000,1.0000,0.0000,1009.4
03:46:04 08/02/0024,37.762470,-122.41855,22.100,8.4000,51.680,18.145,44.000,1.0000,0.0000,1009.4
03:46:06 08/02/0024,37.762470,-122.41855,22.100,8.5000,51.669,18.145,44.000,1.0000,0.0000,1009.4
03:46:07 08/02/0024,37.762470,-122.41855,22.200,8.6000,51.680,18.145,45.000,1.0000,0.0000,1009.4
03:46:09 08/02/0024,37.762470,-122.41855,22.100,8.6000,51.700,18.145,45.000,1.0000,0.0000,1009.4
03:46:10 08/02/0024,37.762466,-122.41857,22.100,8.6000,51.709,18.145,45.000,1.0000,0.0000,1009.4
03:46:12 08/02/0024,37.762466,-122.41857,22.100,8.6000,51.709,18.150,45.000,1.0000,0.0000,1009.4
03:46:14 08/02/0024,37.762474,-122.41857,22.200,8.6000,51.720,18.150,45.000,1.0000,0.0000,1009.4
03:46:15 08/02/0024,37.762474,-122.41857,22.200,8.7000,51.730,18.150,45.000,1.0000,0.0000,1009.3
03:46:17 08/02/0024,37.762474,-122.41857,22.200,8.7000,51.730,18.150,45.000,1.0000,0.0000,1009.3
03:46:18 08/02/0024,37.762478,-122.41857,22.299,8.8000,51.730,18.150,45.000,1.0000,0.0000,1009.4
03:46:20 08/02/0024,37.762482,-122.41857,22.200,8.9000,51.740,18.150,45.000,1.0000,0.0000,1009.4
03:46:22 08/02/0024,37.762482,-122.41855,22.200,8.9000,51.750,18.150,45.000,1.0000,0.0000,1009.4
03:46:23 08/02/0024,37.762482,-122.41855,22.100,9.0000,51.779,18.150,45.000,1.0000,0.0000,1009.4
03:46:25 08/02/0024,37.762482,-122.41855,22.100,9.2000,51.770,18.150,45.000,1.0000,0.0000,1009.4
03:46:26 08/02/0024,37.762478,-122.41855,22.100,9.5000,51.770,18.150,45.000,1.0000,0.0000,1009.3
03:46:28 08/02/0024,37.762478,-122.41855,22.100,9.9000,51.759,18.150,45.000,1.0000,0.0000,1009.4
03:46:30 08/02/0024,37.762478,-122.41857,22.000,10.000,51.750,18.150,45.000,1.0000,0.0000,1009.4
03:46:31 08/02/0024,37.762474,-122.41857,22.000,10.200,51.730,18.150,45.000,1.0000,0.0000,1009.4
03:46:33 08/02/0024,37.762474,-122.41857,22.000,10.300,51.730,18.150,45.000,1.0000,0.0000,1009.4
03:46:34 08/02/0024,37.762474,-122.41857,22.000,10.400,51.720,18.150,45.000,1.0000,0.0000,1009.4
03:46:36 08/02/0024,37.762470,-122.41857,22.000,10.400,51.709,18.150,45.000,1.0000,0.0000,1009.3
03:46:38 08/02/0024,37.762474,-122.41857,22.000,10.400,51.700,18.150,45.000,1.0000,0.0000,1009.4
03:46:39 08/02/0024,37.762474,-122.41857,22.100,10.500,51.689,18.150,45.000,1.0000,0.0000,1009.4
03:46:41 08/02/0024,37.762478,-122.41858,22.100,10.500,51.680,18.150,45.000,1.0000,0.0000,1009.3
03:46:42 08/02/0024,37.762482,-122.41858,22.100,10.500,51.680,18.150,45.000,1.0000,0.0000,1009.4
03:46:44 08/02/0024,37.762482,-122.41858,22.100,10.500,51.669,18.150,45.000,1.0000,0.0000,1009.3
03:46:46 08/02/0024,37.762486,-122.41858,22.299,10.500,51.669,18.150,45.000,1.0000,0.0000,1009.3
03:46:47 08/02/0024,37.762486,-122.41858,22.200,10.500,51.660,18.150,45.000,1.0000,0.0000,1009.4
03:46:49 08/02/0024,37.762486,-122.41858,22.200,10.600,51.660,18.150,45.000,1.0000,0.0000,1009.3
03:46:50 08/02/0024,37.762486,-122.41858,22.200,10.700,51.669,18.150,45.000,1.0000,0.0000,1009.3
03:46:52 08/02/0024,37.762486,-122.41860,22.200,10.800,51.660,18.150,45.000,1.0000,0.0000,1009.3
03:46:54 08/02/0024,37.762482,-122.41860,22.200,10.900,51.650,18.150,45.000,1.0000,0.0000,1009.3
03:46:55 08/02/0024,37.762486,-122.41860,22.200,11.000,51.660,18.150,45.000,1.0000,0.0000,1009.4
03:46:57 08/02/0024,37.762486,-122.41860,22.200,11.000,51.650,18.150,45.000,1.0000,0.0000,1009.4
03:46:58 08/02/0024,37.762486,-122.41860,22.200,11.000,51.630,18.155,45.000,1.0000,0.0000,1009.3
03:47:00 08/02/0024,37.762486,-122.41860,22.100,11.000,51.630,18.155,45.000,1.0000,0.0000,1009.3
03:47:02 08/02/0024,37.762482,-122.41860,22.200,10.900,51.619,18.155,45.000,1.0000,0.0000,1009.3
03:47:03 08/02/0024,37.762482,-122.41860,22.200,10.800,51.630,18.155,45.000,1.0000,0.0000,1009.4
03:47:05 08/02/0024,37.762482,-122.41860,22.200,10.800,51.610,18.155,45.000,1.0000,0.0000,1009.4
03:47:06 08/02/0024,37.762486,-122.41860,22.200,10.800,51.590,18.155,45.000,1.0000,0.0000,1009.4
03:47:08 08/02/0024,37.762486,-122.41860,22.200,10.900,51.580,18.155,44.000,1.0000,0.0000,1009.3
03:47:09 08/02/0024,37.762486,-122.41860,22.100,11.000,51.549,18.155,44.000,1.0000,0.0000,1009.4
03:47:11 08/02/0024,37.762486,-122.41860,22.100,11.100,51.529,18.155,44.000,1.0000,0.0000,1009.4
03:47:13 08/02/0024,37.762486,-122.41860,22.100,11.300,51.500,18.155,44.000,1.0000,0.0000,1009.3
03:47:14 08/02/0024,37.762486,-122.41860,22.100,11.400,51.470,18.155,43.000,1.0000,0.0000,1009.4
03:47:16 08/02/0024,37.762482,-122.41860,22.100,11.300,51.450,18.155,43.000,1.0000,0.0000,1009.4
03:47:17 08/02/0024,37.762478,-122.41860,22.100,11.400,51.410,18.155,43.000,1.0000,0.0000,1009.4
03:47:19 08/02/0024,37.762474,-122.41860,22.100,11.400,51.389,18.155,43.000,1.0000,0.0000,1009.4
03:47:21 08/02/0024,37.762470,-122.41860,22.100,11.400,51.360,18.155,42.000,1.0000,0.0000,1009.4
03:47:22 08/02/0024,37.762470,-122.41858,22.100,11.500,51.340,18.155,42.000,1.0000,0.0000,1009.4
03:47:24 08/02/0024,37.762470,-122.41858,22.100,11.600,51.330,18.155,41.000,1.0000,0.0000,1009.4
03:47:25 08/02/0024,37.762470,-122.41858,22.100,11.500,51.310,18.155,41.000,1.0000,0.0000,1009.4
03:47:27 08/02/0024,37.762466,-122.41860,22.100,11.500,51.299,18.155,40.000,1.0000,0.0000,1009.4
03:47:29 08/02/0024,37.762466,-122.41860,22.100,11.500,51.279,18.155,40.000,1.0000,0.0000,1009.4
03:47:30 08/02/0024,37.762466,-122.41860,22.100,11.500,51.259,18.155,40.000,1.0000,0.0000,1009.4
03:47:32 08/02/0024,37.762466,-122.41858,22.100,11.400,51.250,18.155,39.000,1.0000,0.0000,1009.4
03:47:33 08/02/0024,37.762466,-122.41858,22.100,11.400,51.230,18.155,39.000,1.0000,0.0000,1009.4
03:47:35 08/02/0024,37.762466,-122.41858,22.100,11.300,51.240,18.155,38.000,1.0000,0.0000,1009.4
03:47:37 08/02/0024,37.762466,-122.41858,22.100,11.100,51.230,18.155,38.000,1.0000,0.0000,1009.4
03:47:38 08/02/0024,37.762463,-122.41858,22.100,11.000,51.240,18.155,38.000,1.0000,0.0000,1009.4
03:47:40 08/02/0024,37.762463,-122.41858,22.000,10.800,51.250,18.155,37.000,1.0000,0.0000,1009.4
03:47:41 08/02/0024,37.762466,-122.41858,22.100,10.700,51.259,18.155,37.000,1.0000,0.0000,1009.3
03:47:43 08/02/0024,37.762466,-122.41858,22.000,10.800,51.250,18.155,37.000,1.0000,0.0000,1009.4
03:47:45 08/02/0024,37.762463,-122.41858,22.000,11.000,51.259,18.155,36.000,1.0000,0.0000,1009.3
03:47:46 08/02/0024,37.762466,-122.41857,22.000,11.100,51.259,18.155,36.000,1.0000,0.0000,1009.4
03:47:48 08/02/0024,37.762463,-122.41857,22.000,11.500,51.270,18.155,36.000,1.0000,0.0000,1009.4
03:47:49 08/02/0024,37.762463,-122.41857,22.000,11.600,51.279,18.155,36.000,1.0000,0.0000,1009.4
03:47:51 08/02/0024,37.762466,-122.41857,22.000,11.800,51.290,18.155,36.000,1.0000,0.0000,1009.4
03:47:53 08/02/0024,37.762463,-122.41857,22.000,11.900,51.320,18.155,36.000,1.0000,0.0000,1009.4
03:47:54 08/02/0024,37.762463,-122.41857,22.000,12.000,51.320,18.155,36.000,1.0000,0.0000,1009.4
03:47:56 08/02/0024,37.762463,-122.41857,22.000,12.100,51.330,18.155,36.000,1.0000,0.0000,1009.4
03:47:57 08/02/0024,37.762463,-122.41857,22.000,12.200,51.330,18.155,36.000,1.0000,0.0000,1009.4
03:47:59 08/02/0024,37.762459,-122.41857,22.000,12.600,51.340,18.155,36.000,1.0000,0.0000,1009.4
03:48:01 08/02/0024,37.762463,-122.41857,22.000,13.200,51.340,18.155,36.000,1.0000,0.0000,1009.4
03:48:02 08/02/0024,37.762463,-122.41857,22.000,13.200,51.340,18.155,36.000,1.0000,0.0000,1009.4
03:48:04 08/02/0024,37.762463,-122.41857,22.000,13.300,51.349,18.155,36.000,1.0000,0.0000,1009.4
03:48:05 08/02/0024,37.762463,-122.41857,22.000,13.300,51.349,18.155,36.000,1.0000,0.0000,1009.4
03:48:07 08/02/0024,37.762463,-122.41857,22.000,13.300,51.360,18.155,37.000,1.0000,0.0000,1009.4
03:48:09 08/02/0024,37.762459,-122.41857,21.900,13.300,51.360,18.155,37.000,1.0000,0.0000,1009.3
03:48:10 08/02/0024,37.762463,-122.41857,21.900,13.300,51.349,18.155,37.000,1.0000,0.0000,1009.3
03:48:12 08/02/0024,37.762463,-122.41857,21.900,13.300,51.340,18.155,37.000,1.0000,0.0000,1009.3
03:48:13 08/02/0024,37.762463,-122.41857,21.900,13.300,51.340,18.155,37.000,1.0000,0.0000,1009.4
03:48:15 08/02/0024,37.762463,-122.41857,21.900,13.200,51.330,18.155,37.000,1.0000,0.0000,1009.4
03:48:17 08/02/0024,37.762466,-122.41857,21.900,13.100,51.320,18.155,37.000,1.0000,0.0000,1009.4
03:48:18 08/02/0024,37.762466,-122.41857,21.900,12.900,51.310,18.160,37.000,1.0000,0.0000,1009.4
03:48:20 08/02/0024,37.762466,-122.41857,21.900,12.800,51.310,18.160,37.000,1.0000,0.0000,1009.3
03:48:21 08/02/0024,37.762470,-122.41855,21.900,12.800,51.320,18.160,37.000,1.0000,0.0000,1009.4
03:48:23 08/02/0024,37.762474,-122.41855,22.000,12.800,51.330,18.160,37.000,1.0000,0.0000,1009.3
03:48:25 08/02/0024,37.762474,-122.41855,22.000,12.700,51.320,18.160,37.000,1.0000,0.0000,1009.3
03:48:26 08/02/0024,37.762474,-122.41855,22.000,12.500,51.330,18.160,37.000,1.0000,0.0000,1009.4
03:48:28 08/02/0024,37.762470,-122.41855,22.000,12.300,51.340,18.160,37.000,1.0000,0.0000,1009.3
03:48:29 08/02/0024,37.762470,-122.41855,22.000,12.300,51.349,18.160,37.000,1.0000,0.0000,1009.3
03:48:31 08/02/0024,37.762470,-122.41855,22.000,12.300,51.369,18.160,37.000,1.0000,0.0000,1009.3
03:48:33 08/02/0024,37.762470,-122.41855,22.000,12.300,51.380,18.160,37.000,1.0000,0.0000,1009.3
03:48:34 08/02/0024,37.762470,-122.41855,22.000,12.200,51.410,18.160,37.000,1.0000,0.0000,1009.3
03:48:36 08/02/0024,37.762474,-122.41855,22.000,12.200,51.419,18.160,37.000,1.0000,0.0000,1009.3
03:48:37 08/02/0024,37.762478,-122.41855,22.000,12.200,51.430,18.160,38.000,1.0000,0.0000,1009.3
03:48:39 08/02/0024,37.762482,-122.41854,22.000,12.000,51.439,18.160,38.000,1.0000,0.0000,1009.3
03:48:41 08/02/0024,37.762482,-122.41854,22.000,11.900,51.459,18.160,38.000,1.0000,0.0000,1009.3
03:48:42 08/02/0024,37.762482,-122.41854,22.000,11.700,51.470,18.160,38.000,1.0000,0.0000,1009.4
03:48:44 08/02/0024,37.762486,-122.41854,21.900,11.600,51.480,18.160,38.000,1.0000,0.0000,1009.3
03:48:45 08/02/0024,37.762489,-122.41854,21.900,11.500,51.490,18.160,38.000,1.0000,0.0000,1009.4
03:48:47 08/02/0024,37.762489,-122.41854,21.900,11.200,51.509,18.160,39.000,1.0000,0.0000,1009.4
03:48:49 08/02/0024,37.762486,-122.41853,21.900,11.100,51.509,18.160,39.000,1.0000,0.0000,1009.4
03:48:50 08/02/0024,37.762486,-122.41853,21.900,11.000,51.529,18.160,39.000,1.0000,0.0000,1009.4
03:48:52 08/02/0024,37.762493,-122.41853,21.900,10.900,51.529,18.160,39.000,1.0000,0.0000,1009.4
03:48:53 08/02/0024,37.762493,-122.41853,21.900,10.800,51.560,18.160,39.000,1.0000,0.0000,1009.4
03:48:55 08/02/0024,37.762493,-122.41853,21.900,10.800,51.560,18.160,40.000,1.0000,0.0000,1009.4
03:48:57 08/02/0024,37.762497,-122.41853,21.900,10.700,51.570,18.160,40.000,1.0000,0.0000,1009.4
03:48:58 08/02/0024,37.762493,-122.41853,21.900,10.500,51.599,18.160,40.000,1.0000,0.0000,1009.4
03:49:00 08/02/0024,37.762489,-122.41853,21.900,10.400,51.610,18.160,40.000,1.0000,0.0000,1009.4
03:49:01 08/02/0024,37.762489,-122.41853,21.900,10.200,51.630,18.160,40.000,1.0000,0.0000,1009.4
03:49:03 08/02/0024,37.762489,-122.41853,21.900,10.100,51.639,18.160,41.000,1.0000,0.0000,1009.4
03:49:05 08/02/0024,37.762486,-122.41851,21.900,9.9000,51.650,18.160,41.000,1.0000,0.0000,1009.4
03:49:06 08/02/0024,37.762482,-122.41853,21.900,9.8000,51.650,18.160,41.000,1.0000,0.0000,1009.4
03:49:08 08/02/0024,37.762478,-122.41853,21.900,9.8000,51.660,18.160,41.000,1.0000,0.0000,1009.4
03:49:09 08/02/0024,37.762478,-122.41853,21.900,9.8000,51.660,18.160,41.000,1.0000,0.0000,1009.4
03:49:11 08/02/0024,37.762478,-122.41853,21.900,9.8000,51.669,18.160,41.000,1.0000,0.0000,1009.4
03:49:12 08/02/0024,37.762478,-122.41853,21.900,9.9000,51.669,18.160,41.000,1.0000,0.0000,1009.4
03:49:14 08/02/0024,37.762470,-122.41853,21.900,10.100,51.669,18.160,42.000,1.0000,0.0000,1009.4
03:49:16 08/02/0024,37.762470,-122.41853,21.900,10.200,51.680,18.160,42.000,1.0000,0.0000,1009.4
03:49:17 08/02/0024,37.762466,-122.41853,21.900,10.400,51.700,18.160,42.000,1.0000,0.0000,1009.4
03:49:19 08/02/0024,37.762470,-122.41853,21.799,10.500,51.709,18.160,42.000,1.0000,0.0000,1009.3
03:49:20 08/02/0024,37.762478,-122.41851,21.799,10.600,51.740,18.160,43.000,1.0000,0.0000,1009.4
03:49:22 08/02/0024,37.762478,-122.41851,21.799,10.500,51.750,18.160,43.000,1.0000,0.0000,1009.3
03:49:24 08/02/0024,37.762474,-122.41851,21.700,10.400,51.770,18.160,43.000,1.0000,0.0000,1009.4
03:49:25 08/02/0024,37.762474,-122.41851,21.700,10.300,51.779,18.160,43.000,1.0000,0.0000,1009.4
03:49:27 08/02/0024,37.762474,-122.41851,21.600,10.200,51.779,18.160,44.000,1.0000,0.0000,1009.4
03:49:28 08/02/0024,37.762470,-122.41851,21.600,10.000,51.799,18.160,44.000,1.0000,0.0000,1009.4
03:49:30 08/02/0024,37.762466,-122.41851,21.600,9.9000,51.820,18.160,44.000,1.0000,0.0000,1009.4
03:49:32 08/02/0024,37.762466,-122.41851,21.600,9.6000,51.880,18.160,44.000,1.0000,0.0000,1009.4
03:49:33 08/02/0024,37.762470,-122.41851,21.600,9.5000,51.950,18.160,45.000,1.0000,0.0000,1009.4
