TimeStamp,Latitude,Longitude,Altitude,PM25,RelativeHumidity,Temperature,vocIndex,noxIndex,ButtonPress,PressurehPa
22:26:02 19/01/0024,37.732979,-122.42841,59.400,9.5000,66.209,20.975,99.000,1.0000,0.0000,1007.3
22:26:02 19/01/0024,37.732979,-122.42841,59.400,9.5000,66.209,20.975,99.000,1.0000,0.0000,1007.3
22:26:06 19/01/0024,37.732979,-122.42840,59.200,9.5000,66.209,20.975,99.000,1.0000,0.0000,1007.4
22:26:06 19/01/0024,37.732979,-122.42840,59.200,9.5000,66.209,20.975,99.000,1.0000,0.0000,1007.4
22:26:06 19/01/0024,37.732979,-122.42840,59.200,9.5000,66.199,20.975,99.000,1.0000,0.0000,1007.4
22:26:06 19/01/0024,37.732979,-122.42840,59.200,9.5000,66.199,20.975,99.000,1.0000,0.0000,1007.4
22:26:06 19/01/0024,37.732979,-122.42840,59.200,9.5000,66.199,20.975,99.000,1.0000,0.0000,1007.3
22:26:06 19/01/0024,37.732979,-122.42840,59.200,9.5000,66.199,20.975,99.000,1.0000,0.0000,1007.3
22:26:07 19/01/0024,37.732971,-122.42840,59.099,9.5000,66.199,20.975,99.000,1.0000,0.0000,1007.3
22:26:07 19/01/0024,37.732971,-122.42840,59.099,9.5000,66.199,20.975,99.000,1.0000,0.0000,1007.3
22:26:07 19/01/0024,37.732971,-122.42840,59.099,9.6000,66.190,20.980,99.000,1.0000,0.0000,1007.4
22:26:07 19/01/0024,37.732971,-122.42840,59.099,9.6000,66.190,20.980,99.000,1.0000,0.0000,1007.4
22:26:07 19/01/0024,37.732971,-122.42840,59.099,9.6000,66.190,20.980,99.000,1.0000,0.0000,1007.4
22:26:07 19/01/0024,37.732971,-122.42840,59.099,9.6000,66.190,20.980,99.000,1.0000,0.0000,1007.4
22:26:08 19/01/0024,37.732971,-122.42841,59.099,9.6000,66.190,20.980,99.000,1.0000,0.0000,1007.4
22:26:08 19/01/0024,37.732971,-122.42841,59.099,9.6000,66.190,20.980,99.000,1.0000,0.0000,1007.4
22:26:08 19/01/0024,37.732971,-122.42841,59.099,9.6000,66.190,20.980,99.000,1.0000,0.0000,1007.3
22:26:08 19/01/0024,37.732971,-122.42841,59.099,9.6000,66.190,20.980,99.000,1.0000,0.0000,1007.3
22:26:08 19/01/0024,37.732971,-122.42841,59.099,9.6000,66.190,20.980,99.000,1.0000,0.0000,1007.4
22:26:08 19/01/0024,37.732971,-122.42841,59.099,9.6000,66.190,20.980,99.000,1.0000,0.0000,1007.4
22:26:08 19/01/0024,37.732971,-122.42841,59.099,9.6000,66.190,20.980,99.000,1.0000,0.0000,1007.3
22:26:08 19/01/0024,37.732971,-122.42841,59.099,9.6000,66.190,20.980,99.000,1.0000,0.0000,1007.3
22:26:09 19/01/0024,37.732967,-122.42840,59.099,9.6000,66.190,20.980,99.000,1.0000,0.0000,1007.3
22:26:09 19/01/0024,37.732967,-122.42840,59.099,9.6000,66.190,20.980,99.000,1.0000,0.0000,1007.3
22:26:09 19/01/0024,37.732967,-122.42840,59.099,9.6000,66.190,20.985,99.000,1.0000,0.0000,1007.4
22:26:09 19/01/0024,37.732967,-122.42840,59.099,9.6000,66.190,20.985,99.000,1.0000,0.0000,1007.4
22:26:09 19/01/0024,37.732967,-122.42840,59.099,9.6000,66.190,20.985,99.000,1.0000,0.0000,1007.3
22:26:09 19/01/0024,37.732967,-122.42840,59.099,9.6000,66.190,20.985,99.000,1.0000,0.0000,1007.3
22:26:10 19/01/0024,37.732967,-122.42840,59.000,9.6000,66.190,20.985,99.000,1.0000,0.0000,1007.4
22:26:10 19/01/0024,37.732967,-122.42840,59.000,9.6000,66.190,20.985,99.000,1.0000,0.0000,1007.4
22:26:10 19/01/0024,37.732967,-122.42840,59.000,9.6000,66.180,20.985,99.000,1.0000,0.0000,1007.3
22:26:10 19/01/0024,37.732967,-122.42840,59.000,9.6000,66.180,20.985,99.000,1.0000,0.0000,1007.3
22:26:10 19/01/0024,37.732967,-122.42840,59.000,9.6000,66.180,20.985,99.000,1.0000,0.0000,1007.3
22:26:10 19/01/0024,37.732967,-122.42840,59.000,9.6000,66.180,20.985,99.000,1.0000,0.0000,1007.3
22:26:11 19/01/0024,37.732967,-122.42840,59.000,9.6000,66.180,20.985,99.000,1.0000,0.0000,1007.4
22:26:11 19/01/0024,37.732967,-122.42840,59.000,9.6000,66.180,20.985,99.000,1.0000,0.0000,1007.4
22:26:11 19/01/0024,37.732967,-122.42840,59.000,9.6000,66.169,20.990,99.000,1.0000,0.0000,1007.3
22:26:11 19/01/0024,37.732967,-122.42840,59.000,9.6000,66.169,20.990,99.000,1.0000,0.0000,1007.3
22:26:11 19/01/0024,37.732967,-122.42840,59.000,9.6000,66.169,20.990,99.000,1.0000,0.0000,1007.3
22:26:11 19/01/0024,37.732967,-122.42840,59.000,9.6000,66.169,20.990,99.000,1.0000,0.0000,1007.3
22:26:11 19/01/0024,37.732967,-122.42840,59.000,9.6000,66.169,20.990,99.000,1.0000,0.0000,1007.4
22:26:11 19/01/0024,37.732967,-122.42840,59.000,9.6000,66.169,20.990,99.000,1.0000,0.0000,1007.4
22:26:12 19/01/0024,37.732967,-122.42840,58.900,9.6000,66.169,20.990,99.000,1.0000,0.0000,1007.3
22:26:12 19/01/0024,37.732967,-122.42840,58.900,9.6000,66.169,20.990,99.000,1.0000,0.0000,1007.3
22:26:12 19/01/0024,37.732967,-122.42840,58.900,9.6000,66.169,20.990,99.000,1.0000,0.0000,1007.3
22:26:12 19/01/0024,37.732967,-122.42840,58.900,9.6000,66.169,20.990,99.000,1.0000,0.0000,1007.3
22:26:12 19/01/0024,37.732967,-122.42840,58.900,9.6000,66.169,20.990,99.000,1.0000,0.0000,1007.4
22:26:12 19/01/0024,37.732967,-122.42840,58.900,9.6000,66.169,20.990,99.000,1.0000,0.0000,1007.4
22:26:13 19/01/0024,37.732967,-122.42840,58.400,9.6000,66.169,20.995,99.000,1.0000,0.0000,1007.4
22:26:13 19/01/0024,37.732967,-122.42840,58.400,9.6000,66.169,20.995,99.000,1.0000,0.0000,1007.4
22:26:13 19/01/0024,37.732967,-122.42840,58.400,9.6000,66.169,20.995,99.000,1.0000,0.0000,1007.4
22:26:13 19/01/0024,37.732967,-122.42840,58.400,9.6000,66.169,20.995,99.000,1.0000,0.0000,1007.4
22:26:13 19/01/0024,37.732967,-122.42840,58.400,9.6000,66.169,20.995,99.000,1.0000,0.0000,1007.4
22:26:13 19/01/0024,37.732967,-122.42840,58.400,9.6000,66.169,20.995,99.000,1.0000,0.0000,1007.4
22:26:14 19/01/0024,37.732971,-122.42840,58.500,9.6000,66.169,20.995,99.000,1.0000,0.0000,1007.4
22:26:14 19/01/0024,37.732971,-122.42840,58.500,9.6000,66.169,20.995,99.000,1.0000,0.0000,1007.4
22:26:14 19/01/0024,37.732971,-122.42840,58.500,9.6000,66.169,20.995,99.000,1.0000,0.0000,1007.3
22:26:14 19/01/0024,37.732971,-122.42840,58.500,9.6000,66.169,20.995,99.000,1.0000,0.0000,1007.3
22:26:14 19/01/0024,37.732971,-122.42840,58.500,9.6000,66.169,20.995,99.000,1.0000,0.0000,1007.3
22:26:14 19/01/0024,37.732971,-122.42840,58.500,9.6000,66.169,20.995,99.000,1.0000,0.0000,1007.3
22:26:15 19/01/0024,37.732971,-122.42840,58.599,9.6000,66.169,21.000,99.000,1.0000,0.0000,1007.3
22:26:15 19/01/0024,37.732971,-122.42840,58.599,9.6000,66.169,21.000,99.000,1.0000,0.0000,1007.3
22:26:15 19/01/0024,37.732971,-122.42840,58.599,9.6000,66.169,21.000,99.000,1.0000,0.0000,1007.4
22:26:15 19/01/0024,37.732971,-122.42840,58.599,9.6000,66.169,21.000,99.000,1.0000,0.0000,1007.4
22:26:16 19/01/0024,37.732971,-122.42840,58.500,9.6000,66.169,21.000,99.000,1.0000,0.0000,1007.4
22:26:16 19/01/0024,37.732971,-122.42840,58.500,9.6000,66.169,21.000,99.000,1.0000,0.0000,1007.4
22:26:16 19/01/0024,37.732971,-122.42840,58.500,9.6000,66.169,21.000,99.000,1.0000,0.0000,1007.3
22:26:16 19/01/0024,37.732971,-122.42840,58.500,9.6000,66.169,21.000,99.000,1.0000,0.0000,1007.3
22:26:16 19/01/0024,37.732971,-122.42840,58.500,9.6000,66.169,21.000,99.000,1.0000,0.0000,1007.4
22:26:16 19/01/0024,37.732971,-122.42840,58.500,9.6000,66.169,21.000,99.000,1.0000,0.0000,1007.4
22:26:17 19/01/0024,37.732975,-122.42840,58.299,9.6000,66.169,21.000,99.000,1.0000,0.0000,1007.3
22:26:17 19/01/0024,37.732975,-122.42840,58.299,9.6000,66.169,21.000,99.000,1.0000,0.0000,1007.3
22:26:17 19/01/0024,37.732975,-122.42840,58.299,9.7000,66.169,21.004,99.000,1.0000,0.0000,1007.4
22:26:17 19/01/0024,37.732975,-122.42840,58.299,9.7000,66.169,21.004,99.000,1.0000,0.0000,1007.4
22:26:17 19/01/0024,37.732975,-122.42840,58.299,9.7000,66.169,21.004,99.000,1.0000,0.0000,1007.4
22:26:17 19/01/0024,37.732975,-122.42840,58.299,9.7000,66.169,21.004,99.000,1.0000,0.0000,1007.4
22:26:18 19/01/0024,37.732979,-122.42840,58.200,9.7000,66.169,21.004,99.000,1.0000,0.0000,1007.4
22:26:18 19/01/0024,37.732979,-122.42840,58.200,9.7000,66.169,21.004,99.000,1.0000,0.0000,1007.4
22:26:18 19/01/0024,37.732979,-122.42840,58.200,9.7000,66.169,21.004,99.000,1.0000,0.0000,1007.4
22:26:18 19/01/0024,37.732979,-122.42840,58.200,9.7000,66.169,21.004,99.000,1.0000,0.0000,1007.4
22:26:19 19/01/0024,37.732983,-122.42840,58.099,9.7000,66.169,21.004,99.000,1.0000,0.0000,1007.3
22:26:19 19/01/0024,37.732983,-122.42840,58.099,9.7000,66.169,21.004,99.000,1.0000,0.0000,1007.3
22:26:19 19/01/0024,37.732983,-122.42840,58.099,9.8000,66.150,21.010,99.000,1.0000,0.0000,1007.4
22:26:19 19/01/0024,37.732983,-122.42840,58.099,9.8000,66.150,21.010,99.000,1.0000,0.0000,1007.4
22:26:19 19/01/0024,37.732983,-122.42840,58.099,9.8000,66.150,21.010,99.000,1.0000,0.0000,1007.4
22:26:19 19/01/0024,37.732983,-122.42840,58.099,9.8000,66.150,21.010,99.000,1.0000,0.0000,1007.4
22:26:19 19/01/0024,37.732983,-122.42840,58.099,9.8000,66.150,21.010,99.000,1.0000,0.0000,1007.4
22:26:19 19/01/0024,37.732983,-122.42840,58.099,9.8000,66.150,21.010,99.000,1.0000,0.0000,1007.4
22:26:20 19/01/0024,37.732986,-122.42840,58.099,9.8000,66.150,21.010,99.000,1.0000,0.0000,1007.4
22:26:20 19/01/0024,37.732986,-122.42840,58.099,9.8000,66.150,21.010,99.000,1.0000,0.0000,1007.4
22:26:20 19/01/0024,37.732986,-122.42840,58.099,9.8000,66.139,21.010,99.000,1.0000,0.0000,1007.4
22:26:20 19/01/0024,37.732986,-122.42840,58.099,9.8000,66.139,21.010,99.000,1.0000,0.0000,1007.4
22:26:20 19/01/0024,37.732986,-122.42840,58.099,9.8000,66.139,21.010,99.000,1.0000,0.0000,1007.4
22:26:20 19/01/0024,37.732986,-122.42840,58.099,9.8000,66.139,21.010,99.000,1.0000,0.0000,1007.4
22:26:21 19/01/0024,37.732986,-122.42840,58.000,9.8000,66.139,21.010,99.000,1.0000,0.0000,1007.4
22:26:21 19/01/0024,37.732986,-122.42840,58.000,9.8000,66.139,21.010,99.000,1.0000,0.0000,1007.4
22:26:21 19/01/0024,37.732986,-122.42840,58.000,9.9000,66.139,21.014,99.000,1.0000,0.0000,1007.3
22:26:21 19/01/0024,37.732986,-122.42840,58.000,9.9000,66.139,21.014,99.000,1.0000,0.0000,1007.3
22:26:21 19/01/0024,37.732986,-122.42840,58.000,9.9000,66.139,21.014,99.000,1.0000,0.0000,1007.3
22:26:21 19/01/0024,37.732986,-122.42840,58.000,9.9000,66.139,21.014,99.000,1.0000,0.0000,1007.3
22:26:22 19/01/0024,37.732983,-122.42840,57.900,9.9000,66.139,21.014,99.000,1.0000,0.0000,1007.4
22:26:22 19/01/0024,37.732983,-122.42840,57.900,9.9000,66.139,21.014,99.000,1.0000,0.0000,1007.4
22:26:22 19/01/0024,37.732983,-122.42840,57.900,10.000,66.129,21.014,99.000,1.0000,0.0000,1007.4
22:26:22 19/01/0024,37.732983,-122.42840,57.900,10.000,66.129,21.014,99.000,1.0000,0.0000,1007.4
22:26:22 19/01/0024,37.732983,-122.42840,57.900,10.000,66.129,21.014,99.000,1.0000,0.0000,1007.4
22:26:22 19/01/0024,37.732983,-122.42840,57.900,10.000,66.129,21.014,99.000,1.0000,0.0000,1007.4
22:26:22 19/01/0024,37.732983,-122.42840,57.900,10.000,66.129,21.014,99.000,1.0000,0.0000,1007.4
22:26:22 19/01/0024,37.732983,-122.42840,57.900,10.000,66.129,21.014,99.000,1.0000,0.0000,1007.4
22:26:23 19/01/0024,37.732983,-122.42840,57.900,10.000,66.129,21.014,99.000,1.0000,0.0000,1007.3
22:26:23 19/01/0024,37.732983,-122.42840,57.900,10.000,66.129,21.014,99.000,1.0000,0.0000,1007.3
22:26:23 19/01/0024,37.732983,-122.42840,57.900,10.100,66.120,21.020,100.00,1.0000,0.0000,1007.4
22:26:23 19/01/0024,37.732983,-122.42840,57.900,10.100,66.120,21.020,100.00,1.0000,0.0000,1007.4
22:26:23 19/01/0024,37.732983,-122.42840,57.900,10.100,66.120,21.020,100.00,1.0000,0.0000,1007.3
22:26:23 19/01/0024,37.732983,-122.42840,57.900,10.100,66.120,21.020,100.00,1.0000,0.0000,1007.3
22:26:24 19/01/0024,37.732979,-122.42840,57.900,10.100,66.120,21.020,100.00,1.0000,0.0000,1007.3
22:26:24 19/01/0024,37.732979,-122.42840,57.900,10.100,66.120,21.020,100.00,1.0000,0.0000,1007.3
22:26:24 19/01/0024,37.732979,-122.42840,57.900,10.100,66.110,21.020,100.00,1.0000,0.0000,1007.4
22:26:24 19/01/0024,37.732979,-122.42840,57.900,10.100,66.110,21.020,100.00,1.0000,0.0000,1007.4
22:26:24 19/01/0024,37.732979,-122.42840,57.900,10.100,66.110,21.020,100.00,1.0000,0.0000,1007.4
22:26:24 19/01/0024,37.732979,-122.42840,57.900,10.100,66.110,21.020,100.00,1.0000,0.0000,1007.4
22:26:25 19/01/0024,37.732975,-122.42840,57.900,10.100,66.110,21.020,100.00,1.0000,0.0000,1007.4
22:26:25 19/01/0024,37.732975,-122.42840,57.900,10.100,66.110,21.020,100.00,1.0000,0.0000,1007.4
22:26:25 19/01/0024,37.732975,-122.42840,57.900,10.200,66.099,21.025,100.00,1.0000,0.0000,1007.4
22:26:25 19/01/0024,37.732975,-122.42840,57.900,10.200,66.099,21.025,100.00,1.0000,0.0000,1007.4
22:26:25 19/01/0024,37.732975,-122.42840,57.900,10.200,66.099,21.025,100.00,1.0000,0.0000,1007.3
22:26:25 19/01/0024,37.732975,-122.42840,57.900,10.200,66.099,21.025,100.00,1.0000,0.0000,1007.3
22:26:25 19/01/0024,37.732975,-122.42840,57.900,10.200,66.099,21.025,100.00,1.0000,0.0000,1007.3
22:26:25 19/01/0024,37.732975,-122.42840,57.900,10.200,66.099,21.025,100.00,1.0000,0.0000,1007.3
22:26:26 19/01/0024,37.732975,-122.42840,57.900,10.200,66.099,21.025,100.00,1.0000,0.0000,1007.4
22:26:26 19/01/0024,37.732975,-122.42840,57.900,10.200,66.099,21.025,100.00,1.0000,0.0000,1007.4
22:26:26 19/01/0024,37.732975,-122.42840,57.900,10.200,66.110,21.025,100.00,1.0000,0.0000,1007.4
22:26:26 19/01/0024,37.732975,-122.42840,57.900,10.200,66.110,21.025,100.00,1.0000,0.0000,1007.4
22:26:26 19/01/0024,37.732975,-122.42840,57.900,10.200,66.110,21.025,100.00,1.0000,0.0000,1007.4
22:26:26 19/01/0024,37.732975,-122.42840,57.900,10.200,66.110,21.025,100.00,1.0000,0.0000,1007.4
22:26:27 19/01/0024,37.732971,-122.42840,57.900,10.200,66.110,21.025,100.00,1.0000,0.0000,1007.4
22:26:27 19/01/0024,37.732971,-122.42840,57.900,10.200,66.110,21.025,100.00,1.0000,0.0000,1007.4
22:26:27 19/01/0024,37.732971,-122.42840,57.900,10.200,66.110,21.025,100.00,1.0000,0.0000,1007.4
22:26:27 19/01/0024,37.732971,-122.42840,57.900,10.200,66.110,21.025,100.00,1.0000,0.0000,1007.4
22:26:27 19/01/0024,37.732971,-122.42840,57.900,10.200,66.110,21.025,100.00,1.0000,0.0000,1007.3
22:26:27 19/01/0024,37.732971,-122.42840,57.900,10.200,66.110,21.025,100.00,1.0000,0.0000,1007.3
22:26:28 19/01/0024,37.732971,-122.42841,57.900,10.200,66.110,21.025,100.00,1.0000,0.0000,1007.4
22:26:28 19/01/0024,37.732971,-122.42841,57.900,10.200,66.110,21.025,100.00,1.0000,0.0000,1007.4
22:26:28 19/01/0024,37.732971,-122.42841,57.900,10.200,66.110,21.030,100.00,1.0000,0.0000,1007.4
22:26:28 19/01/0024,37.732971,-122.42841,57.900,10.200,66.110,21.030,100.00,1.0000,0.0000,1007.4
22:26:28 19/01/0024,37.732971,-122.42841,57.900,10.200,66.110,21.030,100.00,1.0000,0.0000,1007.3
22:26:28 19/01/0024,37.732971,-122.42841,57.900,10.200,66.110,21.030,100.00,1.0000,0.0000,1007.3
22:26:28 19/01/0024,37.732971,-122.42841,57.900,10.200,66.110,21.030,100.00,1.0000,0.0000,1007.4
22:26:28 19/01/0024,37.732971,-122.42841,57.900,10.200,66.110,21.030,100.00,1.0000,0.0000,1007.4
22:26:29 19/01/0024,37.732971,-122.42841,57.799,10.200,66.110,21.030,100.00,1.0000,0.0000,1007.4
22:26:29 19/01/0024,37.732971,-122.42841,57.799,10.200,66.110,21.030,100.00,1.0000,0.0000,1007.4
22:26:29 19/01/0024,37.732971,-122.42841,57.799,10.200,66.110,21.030,101.00,1.0000,0.0000,1007.3
22:26:29 19/01/0024,37.732971,-122.42841,57.799,10.200,66.110,21.030,101.00,1.0000,0.0000,1007.3
22:26:29 19/01/0024,37.732971,-122.42841,57.799,10.200,66.110,21.030,101.00,1.0000,0.0000,1007.4
22:26:29 19/01/0024,37.732971,-122.42841,57.799,10.200,66.110,21.030,101.00,1.0000,0.0000,1007.4
22:26:30 19/01/0024,37.732971,-122.42841,57.799,10.200,66.110,21.030,101.00,1.0000,0.0000,1007.4
22:26:30 19/01/0024,37.732971,-122.42841,57.799,10.200,66.110,21.030,101.00,1.0000,0.0000,1007.4
22:26:30 19/01/0024,37.732971,-122.42841,57.799,10.300,66.099,21.035,101.00,1.0000,0.0000,1007.4
22:26:30 19/01/0024,37.732971,-122.42841,57.799,10.300,66.099,21.035,101.00,1.0000,0.0000,1007.4
22:26:30 19/01/0024,37.732971,-122.42841,57.799,10.300,66.099,21.035,101.00,1.0000,0.0000,1007.4
22:26:30 19/01/0024,37.732971,-122.42841,57.799,10.300,66.099,21.035,101.00,1.0000,0.0000,1007.4
22:26:31 19/01/0024,37.732967,-122.42841,57.799,10.300,66.099,21.035,101.00,1.0000,0.0000,1007.4
22:26:31 19/01/0024,37.732967,-122.42841,57.799,10.300,66.099,21.035,101.00,1.0000,0.0000,1007.4
22:26:31 19/01/0024,37.732967,-122.42841,57.799,10.400,66.099,21.035,101.00,1.0000,0.0000,1007.4
22:26:31 19/01/0024,37.732967,-122.42841,57.799,10.400,66.099,21.035,101.00,1.0000,0.0000,1007.4
22:26:31 19/01/0024,37.732967,-122.42841,57.799,10.400,66.099,21.035,101.00,1.0000,0.0000,1007.4
22:26:31 19/01/0024,37.732967,-122.42841,57.799,10.400,66.099,21.035,101.00,1.0000,0.0000,1007.4
22:26:31 19/01/0024,37.732967,-122.42841,57.799,10.400,66.099,21.035,101.00,1.0000,0.0000,1007.4
22:26:31 19/01/0024,37.732967,-122.42841,57.799,10.400,66.099,21.035,101.00,1.0000,0.0000,1007.4
22:26:32 19/01/0024,37.732967,-122.42841,57.799,10.400,66.099,21.035,101.00,1.0000,0.0000,1007.4
22:26:32 19/01/0024,37.732967,-122.42841,57.799,10.400,66.099,21.035,101.00,1.0000,0.0000,1007.4
22:26:32 19/01/0024,37.732967,-122.42841,57.799,10.400,66.099,21.040,101.00,1.0000,0.0000,1007.4
22:26:32 19/01/0024,37.732967,-122.42841,57.799,10.400,66.099,21.040,101.00,1.0000,0.0000,1007.4
22:26:32 19/01/0024,37.732967,-122.42841,57.799,10.400,66.099,21.040,101.00,1.0000,0.0000,1007.4
22:26:32 19/01/0024,37.732967,-122.42841,57.799,10.400,66.099,21.040,101.00,1.0000,0.0000,1007.4
22:26:33 19/01/0024,37.732971,-122.42841,57.799,10.400,66.099,21.040,101.00,1.0000,0.0000,1007.4
22:26:33 19/01/0024,37.732971,-122.42841,57.799,10.400,66.099,21.040,101.00,1.0000,0.0000,1007.4
22:26:33 19/01/0024,37.732971,-122.42841,57.799,10.500,66.099,21.040,102.00,1.0000,0.0000,1007.4
22:26:33 19/01/0024,37.732971,-122.42841,57.799,10.500,66.099,21.040,102.00,1.0000,0.0000,1007.4
22:26:33 19/01/0024,37.732971,-122.42841,57.799,10.500,66.099,21.040,102.00,1.0000,0.0000,1007.4
22:26:33 19/01/0024,37.732971,-122.42841,57.799,10.500,66.099,21.040,102.00,1.0000,0.0000,1007.4
22:26:34 19/01/0024,37.732971,-122.42841,57.700,10.500,66.099,21.040,102.00,1.0000,0.0000,1007.4
22:26:34 19/01/0024,37.732971,-122.42841,57.700,10.500,66.099,21.040,102.00,1.0000,0.0000,1007.4
22:26:34 19/01/0024,37.732971,-122.42841,57.700,10.600,66.110,21.045,102.00,1.0000,0.0000,1007.4
22:26:34 19/01/0024,37.732971,-122.42841,57.700,10.600,66.110,21.045,102.00,1.0000,0.0000,1007.4
22:26:34 19/01/0024,37.732971,-122.42841,57.700,10.600,66.110,21.045,102.00,1.0000,0.0000,1007.4
22:26:34 19/01/0024,37.732971,-122.42841,57.700,10.600,66.110,21.045,102.00,1.0000,0.0000,1007.4
22:26:35 19/01/0024,37.732971,-122.42841,57.700,10.600,66.110,21.045,102.00,1.0000,0.0000,1007.4
22:26:35 19/01/0024,37.732971,-122.42841,57.700,10.600,66.110,21.045,102.00,1.0000,0.0000,1007.4
22:26:35 19/01/0024,37.732971,-122.42841,57.700,10.600,66.110,21.045,102.00,1.0000,0.0000,1007.4
22:26:35 19/01/0024,37.732971,-122.42841,57.700,10.600,66.110,21.045,102.00,1.0000,0.0000,1007.4
22:26:35 19/01/0024,37.732971,-122.42841,57.700,10.600,66.110,21.045,102.00,1.0000,0.0000,1007.4
22:26:35 19/01/0024,37.732971,-122.42841,57.700,10.600,66.110,21.045,102.00,1.0000,0.0000,1007.4
22:26:35 19/01/0024,37.732971,-122.42841,57.700,10.600,66.110,21.045,102.00,1.0000,0.0000,1007.3
22:26:35 19/01/0024,37.732971,-122.42841,57.700,10.600,66.110,21.045,102.00,1.0000,0.0000,1007.3
22:26:36 19/01/0024,37.732975,-122.42841,57.700,10.600,66.110,21.045,102.00,1.0000,0.0000,1007.4
22:26:36 19/01/0024,37.732975,-122.42841,57.700,10.600,66.110,21.045,102.00,1.0000,0.0000,1007.4
22:26:36 19/01/0024,37.732975,-122.42841,57.700,10.600,66.110,21.049,102.00,1.0000,0.0000,1007.4
22:26:36 19/01/0024,37.732975,-122.42841,57.700,10.600,66.110,21.049,102.00,1.0000,0.0000,1007.4
22:26:36 19/01/0024,37.732975,-122.42841,57.700,10.600,66.110,21.049,102.00,1.0000,0.0000,1007.4
22:26:36 19/01/0024,37.732975,-122.42841,57.700,10.600,66.110,21.049,102.00,1.0000,0.0000,1007.4
22:26:37 19/01/0024,37.732971,-122.42841,57.700,10.600,66.110,21.049,102.00,1.0000,0.0000,1007.4
22:26:37 19/01/0024,37.732971,-122.42841,57.700,10.600,66.110,21.049,102.00,1.0000,0.0000,1007.4
22:26:37 19/01/0024,37.732971,-122.42841,57.700,10.600,66.110,21.049,103.00,1.0000,0.0000,1007.4
22:26:37 19/01/0024,37.732971,-122.42841,57.700,10.600,66.110,21.049,103.00,1.0000,0.0000,1007.4
22:26:37 19/01/0024,37.732971,-122.42841,57.700,10.600,66.110,21.049,103.00,1.0000,0.0000,1007.3
22:26:37 19/01/0024,37.732971,-122.42841,57.700,10.600,66.110,21.049,103.00,1.0000,0.0000,1007.3
22:26:38 19/01/0024,37.732971,-122.42841,57.700,10.600,66.110,21.049,103.00,1.0000,0.0000,1007.4
22:26:38 19/01/0024,37.732971,-122.42841,57.700,10.600,66.110,21.049,103.00,1.0000,0.0000,1007.4
22:26:38 19/01/0024,37.732971,-122.42841,57.700,10.600,66.110,21.049,103.00,1.0000,0.0000,1007.4
22:26:38 19/01/0024,37.732971,-122.42841,57.700,10.600,66.110,21.049,103.00,1.0000,0.0000,1007.4
22:26:38 19/01/0024,37.732971,-122.42841,57.700,10.500,66.110,21.055,103.00,1.0000,0.0000,1007.4
22:26:38 19/01/0024,37.732971,-122.42841,57.700,10.500,66.110,21.055,103.00,1.0000,0.0000,1007.4
22:26:38 19/01/0024,37.732971,-122.42841,57.700,10.500,66.110,21.055,103.00,1.0000,0.0000,1007.4
22:26:38 19/01/0024,37.732971,-122.42841,57.700,10.500,66.110,21.055,103.00,1.0000,0.0000,1007.4
22:26:39 19/01/0024,37.732971,-122.42841,57.599,10.500,66.110,21.055,103.00,1.0000,0.0000,1007.4
22:26:39 19/01/0024,37.732971,-122.42841,57.599,10.500,66.110,21.055,103.00,1.0000,0.0000,1007.4
22:26:39 19/01/0024,37.732971,-122.42841,57.599,10.400,66.099,21.055,102.00,1.0000,0.0000,1007.4
22:26:39 19/01/0024,37.732971,-122.42841,57.599,10.400,66.099,21.055,102.00,1.0000,0.0000,1007.4
22:26:39 19/01/0024,37.732971,-122.42841,57.599,10.400,66.099,21.055,102.00,1.0000,0.0000,1007.4
22:26:39 19/01/0024,37.732971,-122.42841,57.599,10.400,66.099,21.055,102.00,1.0000,0.0000,1007.4
22:26:40 19/01/0024,37.732967,-122.42841,57.599,10.400,66.099,21.055,102.00,1.0000,0.0000,1007.3
22:26:40 19/01/0024,37.732967,-122.42841,57.599,10.400,66.099,21.055,102.00,1.0000,0.0000,1007.3
22:26:40 19/01/0024,37.732967,-122.42841,57.599,10.300,66.080,21.059,102.00,1.0000,0.0000,1007.4
22:26:40 19/01/0024,37.732967,-122.42841,57.599,10.300,66.080,21.059,102.00,1.0000,0.0000,1007.4
22:26:40 19/01/0024,37.732967,-122.42841,57.599,10.300,66.080,21.059,102.00,1.0000,0.0000,1007.4
22:26:40 19/01/0024,37.732967,-122.42841,57.599,10.300,66.080,21.059,102.00,1.0000,0.0000,1007.4
22:26:41 19/01/0024,37.732967,-122.42841,57.599,10.300,66.080,21.059,102.00,1.0000,0.0000,1007.4
22:26:41 19/01/0024,37.732967,-122.42841,57.599,10.300,66.080,21.059,102.00,1.0000,0.0000,1007.4
22:26:41 19/01/0024,37.732967,-122.42841,57.599,10.300,66.080,21.059,102.00,1.0000,0.0000,1007.4
22:26:41 19/01/0024,37.732967,-122.42841,57.599,10.300,66.080,21.059,102.00,1.0000,0.0000,1007.4
22:26:41 19/01/0024,37.732967,-122.42841,57.599,10.200,66.070,21.059,102.00,1.0000,0.0000,1007.4
22:26:41 19/01/0024,37.732967,-122.42841,57.599,10.200,66.070,21.059,102.00,1.0000,0.0000,1007.4
22:26:41 19/01/0024,37.732967,-122.42841,57.599,10.200,66.070,21.059,102.00,1.0000,0.0000,1007.4
22:26:41 19/01/0024,37.732967,-122.42841,57.599,10.200,66.070,21.059,102.00,1.0000,0.0000,1007.4
22:26:42 19/01/0024,37.732967,-122.42841,57.500,10.200,66.070,21.059,102.00,1.0000,0.0000,1007.4
22:26:42 19/01/0024,37.732967,-122.42841,57.500,10.200,66.070,21.059,102.00,1.0000,0.0000,1007.4
22:26:42 19/01/0024,37.732967,-122.42841,57.500,10.000,66.059,21.065,102.00,1.0000,0.0000,1007.4
22:26:42 19/01/0024,37.732967,-122.42841,57.500,10.000,66.059,21.065,102.00,1.0000,0.0000,1007.4
22:26:42 19/01/0024,37.732967,-122.42841,57.500,10.000,66.059,21.065,102.00,1.0000,0.0000,1007.4
22:26:42 19/01/0024,37.732967,-122.42841,57.500,10.000,66.059,21.065,102.00,1.0000,0.0000,1007.4
22:26:43 19/01/0024,37.732971,-122.42841,57.500,10.000,66.059,21.065,102.00,1.0000,0.0000,1007.4
22:26:43 19/01/0024,37.732971,-122.42841,57.500,10.000,66.059,21.065,102.00,1.0000,0.0000,1007.4
22:26:43 19/01/0024,37.732971,-122.42841,57.500,9.9000,66.040,21.065,101.00,1.0000,0.0000,1007.4
22:26:43 19/01/0024,37.732971,-122.42841,57.500,9.9000,66.040,21.065,101.00,1.0000,0.0000,1007.4
22:26:43 19/01/0024,37.732971,-122.42841,57.500,9.9000,66.040,21.065,101.00,1.0000,0.0000,1007.3
22:26:43 19/01/0024,37.732971,-122.42841,57.500,9.9000,66.040,21.065,101.00,1.0000,0.0000,1007.3
22:26:44 19/01/0024,37.732971,-122.42840,57.500,9.9000,66.040,21.065,101.00,1.0000,0.0000,1007.4
22:26:44 19/01/0024,37.732971,-122.42840,57.500,9.9000,66.040,21.065,101.00,1.0000,0.0000,1007.4
22:26:44 19/01/0024,37.732971,-122.42840,57.500,9.9000,66.040,21.065,101.00,1.0000,0.0000,1007.4
22:26:44 19/01/0024,37.732971,-122.42840,57.500,9.9000,66.040,21.065,101.00,1.0000,0.0000,1007.4
22:26:44 19/01/0024,37.732971,-122.42840,57.500,9.9000,66.029,21.070,101.00,1.0000,0.0000,1007.4
22:26:44 19/01/0024,37.732971,-122.42840,57.500,9.9000,66.029,21.070,101.00,1.0000,0.0000,1007.4
22:26:44 19/01/0024,37.732971,-122.42840,57.500,9.9000,66.029,21.070,101.00,1.0000,0.0000,1007.4
22:26:44 19/01/0024,37.732971,-122.42840,57.500,9.9000,66.029,21.070,101.00,1.0000,0.0000,1007.4
22:26:45 19/01/0024,37.732971,-122.42841,57.500,9.9000,66.029,21.070,101.00,1.0000,0.0000,1007.3
22:26:45 19/01/0024,37.732971,-122.42841,57.500,9.9000,66.029,21.070,101.00,1.0000,0.0000,1007.3
22:26:45 19/01/0024,37.732971,-122.42841,57.500,9.8000,66.019,21.070,101.00,1.0000,0.0000,1007.4
22:26:45 19/01/0024,37.732971,-122.42841,57.500,9.8000,66.019,21.070,101.00,1.0000,0.0000,1007.4
22:26:45 19/01/0024,37.732971,-122.42841,57.500,9.8000,66.019,21.070,101.00,1.0000,0.0000,1007.4
22:26:45 19/01/0024,37.732971,-122.42841,57.500,9.8000,66.019,21.070,101.00,1.0000,0.0000,1007.4
22:26:46 19/01/0024,37.732971,-122.42841,57.500,9.8000,66.019,21.070,101.00,1.0000,0.0000,1007.4
22:26:46 19/01/0024,37.732971,-122.42841,57.500,9.8000,66.019,21.070,101.00,1.0000,0.0000,1007.4
22:26:46 19/01/0024,37.732971,-122.42841,57.500,9.8000,66.000,21.075,101.00,1.0000,0.0000,1007.4
22:26:46 19/01/0024,37.732971,-122.42841,57.500,9.8000,66.000,21.075,101.00,1.0000,0.0000,1007.4
22:26:46 19/01/0024,37.732971,-122.42841,57.500,9.8000,66.000,21.075,101.00,1.0000,0.0000,1007.4
22:26:46 19/01/0024,37.732971,-122.42841,57.500,9.8000,66.000,21.075,101.00,1.0000,0.0000,1007.4
22:26:47 19/01/0024,37.732967,-122.42841,57.500,9.8000,66.000,21.075,101.00,1.0000,0.0000,1007.4
22:26:47 19/01/0024,37.732967,-122.42841,57.500,9.8000,66.000,21.075,101.00,1.0000,0.0000,1007.4
22:26:47 19/01/0024,37.732967,-122.42841,57.500,9.8000,66.000,21.075,101.00,1.0000,0.0000,1007.4
22:26:47 19/01/0024,37.732967,-122.42841,57.500,9.8000,66.000,21.075,101.00,1.0000,0.0000,1007.4
22:26:47 19/01/0024,37.732967,-122.42841,57.500,9.8000,66.000,21.075,101.00,1.0000,0.0000,1007.4
22:26:47 19/01/0024,37.732967,-122.42841,57.500,9.8000,66.000,21.075,101.00,1.0000,0.0000,1007.4
22:26:47 19/01/0024,37.732967,-122.42841,57.500,9.8000,66.000,21.075,101.00,1.0000,0.0000,1007.4
22:26:47 19/01/0024,37.732967,-122.42841,57.500,9.8000,66.000,21.075,101.00,1.0000,0.0000,1007.4
22:26:48 19/01/0024,37.732964,-122.42841,57.500,9.8000,66.000,21.075,101.00,1.0000,0.0000,1007.4
22:26:48 19/01/0024,37.732964,-122.42841,57.500,9.8000,66.000,21.075,101.00,1.0000,0.0000,1007.4
22:26:48 19/01/0024,37.732964,-122.42841,57.500,9.9000,65.980,21.080,100.00,1.0000,0.0000,1007.4
22:26:48 19/01/0024,37.732964,-122.42841,57.500,9.9000,65.980,21.080,100.00,1.0000,0.0000,1007.4
22:26:48 19/01/0024,37.732964,-122.42841,57.500,9.9000,65.980,21.080,100.00,1.0000,0.0000,1007.4
22:26:48 19/01/0024,37.732964,-122.42841,57.500,9.9000,65.980,21.080,100.00,1.0000,0.0000,1007.4
22:26:49 19/01/0024,37.732960,-122.42841,57.400,9.9000,65.980,21.080,100.00,1.0000,0.0000,1007.4
22:26:49 19/01/0024,37.732960,-122.42841,57.400,9.9000,65.980,21.080,100.00,1.0000,0.0000,1007.4
22:26:49 19/01/0024,37.732960,-122.42841,57.400,9.9000,65.970,21.080,100.00,1.0000,0.0000,1007.4
22:26:49 19/01/0024,37.732960,-122.42841,57.400,9.9000,65.970,21.080,100.00,1.0000,0.0000,1007.4
22:26:49 19/01/0024,37.732960,-122.42841,57.400,9.9000,65.970,21.080,100.00,1.0000,0.0000,1007.4
22:26:49 19/01/0024,37.732960,-122.42841,57.400,9.9000,65.970,21.080,100.00,1.0000,0.0000,1007.4
22:26:50 19/01/0024,37.732960,-122.42841,57.400,9.9000,65.970,21.080,100.00,1.0000,0.0000,1007.4
22:26:50 19/01/0024,37.732960,-122.42841,57.400,9.9000,65.970,21.080,100.00,1.0000,0.0000,1007.4
22:26:50 19/01/0024,37.732960,-122.42841,57.400,9.9000,65.970,21.080,100.00,1.0000,0.0000,1007.4
22:26:50 19/01/0024,37.732960,-122.42841,57.400,9.9000,65.970,21.080,100.00,1.0000,0.0000,1007.4
22:26:50 19/01/0024,37.732960,-122.42841,57.400,9.9000,65.949,21.084,100.00,1.0000,0.0000,1007.4
22:26:50 19/01/0024,37.732960,-122.42841,57.400,9.9000,65.949,21.084,100.00,1.0000,0.0000,1007.4
22:26:50 19/01/0024,37.732960,-122.42841,57.400,9.9000,65.949,21.084,100.00,1.0000,0.0000,1007.4
22:26:50 19/01/0024,37.732960,-122.42841,57.400,9.9000,65.949,21.084,100.00,1.0000,0.0000,1007.4
22:26:51 19/01/0024,37.732960,-122.42841,57.299,9.9000,65.949,21.084,100.00,1.0000,0.0000,1007.4
22:26:51 19/01/0024,37.732960,-122.42841,57.299,9.9000,65.949,21.084,100.00,1.0000,0.0000,1007.4
22:26:51 19/01/0024,37.732960,-122.42841,57.299,9.9000,65.949,21.084,100.00,1.0000,0.0000,1007.4
22:26:51 19/01/0024,37.732960,-122.42841,57.299,9.9000,65.949,21.084,100.00,1.0000,0.0000,1007.4
22:26:51 19/01/0024,37.732960,-122.42841,57.299,9.9000,65.949,21.084,100.00,1.0000,0.0000,1007.4
22:26:51 19/01/0024,37.732960,-122.42841,57.299,9.9000,65.949,21.084,100.00,1.0000,0.0000,1007.4
22:26:52 19/01/0024,37.732964,-122.42841,57.299,9.9000,65.949,21.084,100.00,1.0000,0.0000,1007.4
22:26:52 19/01/0024,37.732964,-122.42841,57.299,9.9000,65.949,21.084,100.00,1.0000,0.0000,1007.4
22:26:52 19/01/0024,37.732964,-122.42841,57.299,9.9000,65.930,21.090,100.00,1.0000,0.0000,1007.4
22:26:52 19/01/0024,37.732964,-122.42841,57.299,9.9000,65.930,21.090,100.00,1.0000,0.0000,1007.4
22:26:52 19/01/0024,37.732964,-122.42841,57.299,9.9000,65.930,21.090,100.00,1.0000,0.0000,1007.4
22:26:52 19/01/0024,37.732964,-122.42841,57.299,9.9000,65.930,21.090,100.00,1.0000,0.0000,1007.4
22:26:53 19/01/0024,37.732964,-122.42841,57.299,9.9000,65.930,21.090,100.00,1.0000,0.0000,1007.4
22:26:53 19/01/0024,37.732964,-122.42841,57.299,9.9000,65.930,21.090,100.00,1.0000,0.0000,1007.4
22:26:53 19/01/0024,37.732964,-122.42841,57.299,9.9000,65.930,21.090,100.00,1.0000,0.0000,1007.4
22:26:53 19/01/0024,37.732964,-122.42841,57.299,9.9000,65.930,21.090,100.00,1.0000,0.0000,1007.4
22:26:53 19/01/0024,37.732964,-122.42841,57.299,9.8000,65.919,21.090,100.00,1.0000,0.0000,1007.4
22:26:53 19/01/0024,37.732964,-122.42841,57.299,9.8000,65.919,21.090,100.00,1.0000,0.0000,1007.4
22:26:54 19/01/0024,37.732960,-122.42841,57.299,9.8000,65.919,21.090,100.00,1.0000,0.0000,1007.4
22:26:54 19/01/0024,37.732960,-122.42841,57.299,9.8000,65.919,21.090,100.00,1.0000,0.0000,1007.4
22:26:54 19/01/0024,37.732960,-122.42841,57.299,9.8000,65.919,21.090,100.00,1.0000,0.0000,1007.3
22:26:54 19/01/0024,37.732960,-122.42841,57.299,9.8000,65.919,21.090,100.00,1.0000,0.0000,1007.3
22:26:54 19/01/0024,37.732960,-122.42841,57.299,9.8000,65.910,21.094,100.00,1.0000,0.0000,1007.4
22:26:54 19/01/0024,37.732960,-122.42841,57.299,9.8000,65.910,21.094,100.00,1.0000,0.0000,1007.4
22:26:54 19/01/0024,37.732960,-122.42841,57.299,9.8000,65.910,21.094,100.00,1.0000,0.0000,1007.4
22:26:54 19/01/0024,37.732960,-122.42841,57.299,9.8000,65.910,21.094,100.00,1.0000,0.0000,1007.4
22:26:55 19/01/0024,37.732964,-122.42841,57.299,9.8000,65.910,21.094,100.00,1.0000,0.0000,1007.3
22:26:55 19/01/0024,37.732964,-122.42841,57.299,9.8000,65.910,21.094,100.00,1.0000,0.0000,1007.3
22:26:55 19/01/0024,37.732964,-122.42841,57.299,9.8000,65.910,21.094,100.00,1.0000,0.0000,1007.3
22:26:55 19/01/0024,37.732964,-122.42841,57.299,9.8000,65.910,21.094,100.00,1.0000,0.0000,1007.3
22:26:55 19/01/0024,37.732964,-122.42841,57.299,9.7000,65.910,21.094,100.00,1.0000,0.0000,1007.4
22:26:55 19/01/0024,37.732964,-122.42841,57.299,9.7000,65.910,21.094,100.00,1.0000,0.0000,1007.4
22:26:56 19/01/0024,37.732964,-122.42841,57.400,9.7000,65.910,21.094,100.00,1.0000,0.0000,1007.4
22:26:56 19/01/0024,37.732964,-122.42841,57.400,9.7000,65.910,21.094,100.00,1.0000,0.0000,1007.4
22:26:56 19/01/0024,37.732964,-122.42841,57.400,9.7000,65.910,21.094,100.00,1.0000,0.0000,1007.3
22:26:56 19/01/0024,37.732964,-122.42841,57.400,9.7000,65.910,21.094,100.00,1.0000,0.0000,1007.3
22:26:56 19/01/0024,37.732964,-122.42841,57.400,9.6000,65.900,21.094,100.00,1.0000,0.0000,1007.4
22:26:56 19/01/0024,37.732964,-122.42841,57.400,9.6000,65.900,21.094,100.00,1.0000,0.0000,1007.4
22:26:57 19/01/0024,37.732967,-122.42841,57.400,9.6000,65.900,21.094,100.00,1.0000,0.0000,1007.4
22:26:57 19/01/0024,37.732967,-122.42841,57.400,9.6000,65.900,21.094,100.00,1.0000,0.0000,1007.4
22:26:57 19/01/0024,37.732967,-122.42841,57.400,9.6000,65.900,21.094,100.00,1.0000,0.0000,1007.4
22:26:57 19/01/0024,37.732967,-122.42841,57.400,9.6000,65.900,21.094,100.00,1.0000,0.0000,1007.4
22:26:57 19/01/0024,37.732967,-122.42841,57.400,9.6000,65.879,21.100,100.00,1.0000,0.0000,1007.4
22:26:57 19/01/0024,37.732967,-122.42841,57.400,9.6000,65.879,21.100,100.00,1.0000,0.0000,1007.4
22:26:57 19/01/0024,37.732967,-122.42841,57.400,9.6000,65.879,21.100,100.00,1.0000,0.0000,1007.4
22:26:57 19/01/0024,37.732967,-122.42841,57.400,9.6000,65.879,21.100,100.00,1.0000,0.0000,1007.4
22:26:58 19/01/0024,37.732971,-122.42841,57.400,9.6000,65.879,21.100,100.00,1.0000,0.0000,1007.4
22:26:58 19/01/0024,37.732971,-122.42841,57.400,9.6000,65.879,21.100,100.00,1.0000,0.0000,1007.4
22:26:58 19/01/0024,37.732971,-122.42841,57.400,9.5000,65.879,21.100,100.00,1.0000,0.0000,1007.4
22:26:58 19/01/0024,37.732971,-122.42841,57.400,9.5000,65.879,21.100,100.00,1.0000,0.0000,1007.4
22:26:58 19/01/0024,37.732971,-122.42841,57.400,9.5000,65.879,21.100,100.00,1.0000,0.0000,1007.4
22:26:58 19/01/0024,37.732971,-122.42841,57.400,9.5000,65.879,21.100,100.00,1.0000,0.0000,1007.4
22:26:59 19/01/0024,37.732967,-122.42841,57.400,9.5000,65.879,21.100,100.00,1.0000,0.0000,1007.4
22:26:59 19/01/0024,37.732967,-122.42841,57.400,9.5000,65.879,21.100,100.00,1.0000,0.0000,1007.4
22:26:59 19/01/0024,37.732967,-122.42841,57.400,9.5000,65.879,21.100,100.00,1.0000,0.0000,1007.4
22:26:59 19/01/0024,37.732967,-122.42841,57.400,9.5000,65.879,21.100,100.00,1.0000,0.0000,1007.4
22:26:59 19/01/0024,37.732967,-122.42841,57.400,9.5000,65.870,21.105,100.00,1.0000,0.0000,1007.4
22:26:59 19/01/0024,37.732967,-122.42841,57.400,9.5000,65.870,21.105,100.00,1.0000,0.0000,1007.4
22:27:00 19/01/0024,37.732964,-122.42841,57.400,9.5000,65.870,21.105,100.00,1.0000,0.0000,1007.3
22:27:00 19/01/0024,37.732964,-122.42841,57.400,9.5000,65.870,21.105,100.00,1.0000,0.0000,1007.3
22:27:00 19/01/0024,37.732964,-122.42841,57.400,9.5000,65.870,21.105,100.00,1.0000,0.0000,1007.3
22:27:00 19/01/0024,37.732964,-122.42841,57.400,9.5000,65.870,21.105,100.00,1.0000,0.0000,1007.3
22:27:00 19/01/0024,37.732964,-122.42841,57.400,9.5000,65.870,21.105,99.000,1.0000,0.0000,1007.4
22:27:00 19/01/0024,37.732964,-122.42841,57.400,9.5000,65.870,21.105,99.000,1.0000,0.0000,1007.4
22:27:01 19/01/0024,37.732967,-122.42841,57.400,9.5000,65.870,21.105,99.000,1.0000,0.0000,1007.4
22:27:01 19/01/0024,37.732967,-122.42841,57.400,9.5000,65.870,21.105,99.000,1.0000,0.0000,1007.4
22:27:01 19/01/0024,37.732967,-122.42841,57.400,9.5000,65.870,21.105,99.000,1.0000,0.0000,1007.3
22:27:01 19/01/0024,37.732967,-122.42841,57.400,9.5000,65.870,21.105,99.000,1.0000,0.0000,1007.3
22:27:01 19/01/0024,37.732967,-122.42841,57.400,9.5000,65.870,21.110,99.000,1.0000,0.0000,1007.4
22:27:01 19/01/0024,37.732967,-122.42841,57.400,9.5000,65.870,21.110,99.000,1.0000,0.0000,1007.4
22:27:01 19/01/0024,37.732967,-122.42841,57.400,9.5000,65.870,21.110,99.000,1.0000,0.0000,1007.4
22:27:01 19/01/0024,37.732967,-122.42841,57.400,9.5000,65.870,21.110,99.000,1.0000,0.0000,1007.4
22:27:02 19/01/0024,37.732964,-122.42841,57.500,9.5000,65.870,21.110,99.000,1.0000,0.0000,1007.4
22:27:02 19/01/0024,37.732964,-122.42841,57.500,9.5000,65.870,21.110,99.000,1.0000,0.0000,1007.4
22:27:02 19/01/0024,37.732964,-122.42841,57.500,9.5000,65.870,21.110,99.000,1.0000,0.0000,1007.3
22:27:02 19/01/0024,37.732964,-122.42841,57.500,9.5000,65.870,21.110,99.000,1.0000,0.0000,1007.3
22:27:02 19/01/0024,37.732964,-122.42841,57.500,9.5000,65.849,21.110,99.000,1.0000,0.0000,1007.4
22:27:02 19/01/0024,37.732964,-122.42841,57.500,9.5000,65.849,21.110,99.000,1.0000,0.0000,1007.4
22:27:03 19/01/0024,37.732967,-122.42841,57.500,9.5000,65.849,21.110,99.000,1.0000,0.0000,1007.4
22:27:03 19/01/0024,37.732967,-122.42841,57.500,9.5000,65.849,21.110,99.000,1.0000,0.0000,1007.4
22:27:03 19/01/0024,37.732967,-122.42841,57.500,9.5000,65.849,21.110,99.000,1.0000,0.0000,1007.3
22:27:03 19/01/0024,37.732967,-122.42841,57.500,9.5000,65.849,21.110,99.000,1.0000,0.0000,1007.3
22:27:03 19/01/0024,37.732967,-122.42841,57.500,9.5000,65.839,21.115,99.000,1.0000,0.0000,1007.4
22:27:03 19/01/0024,37.732967,-122.42841,57.500,9.5000,65.839,21.115,99.000,1.0000,0.0000,1007.4
22:27:04 19/01/0024,37.732967,-122.42842,57.500,9.5000,65.839,21.115,99.000,1.0000,0.0000,1007.4
22:27:04 19/01/0024,37.732967,-122.42842,57.500,9.5000,65.839,21.115,99.000,1.0000,0.0000,1007.4
22:27:04 19/01/0024,37.732967,-122.42842,57.500,9.5000,65.839,21.115,99.000,1.0000,0.0000,1007.4
22:27:04 19/01/0024,37.732967,-122.42842,57.500,9.5000,65.839,21.115,99.000,1.0000,0.0000,1007.4
22:27:04 19/01/0024,37.732967,-122.42842,57.500,9.5000,65.839,21.115,99.000,1.0000,0.0000,1007.4
22:27:04 19/01/0024,37.732967,-122.42842,57.500,9.5000,65.839,21.115,99.000,1.0000,0.0000,1007.4
22:27:04 19/01/0024,37.732967,-122.42842,57.500,9.5000,65.839,21.115,99.000,1.0000,0.0000,1007.4
22:27:04 19/01/0024,37.732967,-122.42842,57.500,9.5000,65.839,21.115,99.000,1.0000,0.0000,1007.4
22:27:05 19/01/0024,37.732964,-122.42842,57.500,9.5000,65.839,21.115,99.000,1.0000,0.0000,1007.4
22:27:05 19/01/0024,37.732964,-122.42842,57.500,9.5000,65.839,21.115,99.000,1.0000,0.0000,1007.4
22:27:05 19/01/0024,37.732964,-122.42842,57.500,9.5000,65.839,21.115,99.000,1.0000,0.0000,1007.4
22:27:05 19/01/0024,37.732964,-122.42842,57.500,9.5000,65.839,21.115,99.000,1.0000,0.0000,1007.4
22:27:05 19/01/0024,37.732964,-122.42842,57.500,9.5000,65.830,21.120,99.000,1.0000,0.0000,1007.4
22:27:05 19/01/0024,37.732964,-122.42842,57.500,9.5000,65.830,21.120,99.000,1.0000,0.0000,1007.4
22:27:06 19/01/0024,37.732967,-122.42842,57.599,9.5000,65.830,21.120,99.000,1.0000,0.0000,1007.4
22:27:06 19/01/0024,37.732967,-122.42842,57.599,9.5000,65.830,21.120,99.000,1.0000,0.0000,1007.4
22:27:06 19/01/0024,37.732967,-122.42842,57.599,9.5000,65.830,21.120,99.000,1.0000,0.0000,1007.4
22:27:06 19/01/0024,37.732967,-122.42842,57.599,9.5000,65.830,21.120,99.000,1.0000,0.0000,1007.4
22:27:06 19/01/0024,37.732967,-122.42842,57.599,9.5000,65.830,21.120,99.000,1.0000,0.0000,1007.4
22:27:06 19/01/0024,37.732967,-122.42842,57.599,9.5000,65.830,21.120,99.000,1.0000,0.0000,1007.4
22:27:07 19/01/0024,37.732964,-122.42841,57.599,9.5000,65.830,21.120,99.000,1.0000,0.0000,1007.4
22:27:07 19/01/0024,37.732964,-122.42841,57.599,9.5000,65.830,21.120,99.000,1.0000,0.0000,1007.4
22:27:07 19/01/0024,37.732964,-122.42841,57.599,9.5000,65.830,21.120,99.000,1.0000,0.0000,1007.4
22:27:07 19/01/0024,37.732964,-122.42841,57.599,9.5000,65.830,21.120,99.000,1.0000,0.0000,1007.4
22:27:07 19/01/0024,37.732964,-122.42841,57.599,9.6000,65.809,21.125,99.000,1.0000,0.0000,1007.4
22:27:07 19/01/0024,37.732964,-122.42841,57.599,9.6000,65.809,21.125,99.000,1.0000,0.0000,1007.4
22:27:08 19/01/0024,37.732960,-122.42841,57.599,9.6000,65.809,21.125,99.000,1.0000,0.0000,1007.4
22:27:08 19/01/0024,37.732960,-122.42841,57.599,9.6000,65.809,21.125,99.000,1.0000,0.0000,1007.4
22:27:08 19/01/0024,37.732960,-122.42841,57.599,9.6000,65.809,21.125,99.000,1.0000,0.0000,1007.4
22:27:08 19/01/0024,37.732960,-122.42841,57.599,9.6000,65.809,21.125,99.000,1.0000,0.0000,1007.4
22:27:08 19/01/0024,37.732960,-122.42841,57.599,9.6000,65.800,21.125,99.000,1.0000,0.0000,1007.3
22:27:08 19/01/0024,37.732960,-122.42841,57.599,9.6000,65.800,21.125,99.000,1.0000,0.0000,1007.3
22:27:08 19/01/0024,37.732960,-122.42841,57.599,9.6000,65.800,21.125,99.000,1.0000,0.0000,1007.4
22:27:08 19/01/0024,37.732960,-122.42841,57.599,9.6000,65.800,21.125,99.000,1.0000,0.0000,1007.4
22:27:09 19/01/0024,37.732956,-122.42841,57.599,9.6000,65.800,21.125,99.000,1.0000,0.0000,1007.4
22:27:09 19/01/0024,37.732956,-122.42841,57.599,9.6000,65.800,21.125,99.000,1.0000,0.0000,1007.4
22:27:09 19/01/0024,37.732956,-122.42841,57.599,9.6000,65.800,21.125,99.000,1.0000,0.0000,1007.3
22:27:09 19/01/0024,37.732956,-122.42841,57.599,9.6000,65.800,21.125,99.000,1.0000,0.0000,1007.3
22:27:09 19/01/0024,37.732956,-122.42841,57.599,9.5000,65.800,21.129,99.000,1.0000,0.0000,1007.4
22:27:09 19/01/0024,37.732956,-122.42841,57.599,9.5000,65.800,21.129,99.000,1.0000,0.0000,1007.4
22:27:10 19/01/0024,37.732960,-122.42841,57.700,9.5000,65.800,21.129,99.000,1.0000,0.0000,1007.3
22:27:10 19/01/0024,37.732960,-122.42841,57.700,9.5000,65.800,21.129,99.000,1.0000,0.0000,1007.3
22:27:10 19/01/0024,37.732960,-122.42841,57.700,9.5000,65.800,21.129,99.000,1.0000,0.0000,1007.4
22:27:10 19/01/0024,37.732960,-122.42841,57.700,9.5000,65.800,21.129,99.000,1.0000,0.0000,1007.4
22:27:10 19/01/0024,37.732960,-122.42841,57.700,9.5000,65.790,21.129,99.000,1.0000,0.0000,1007.4
22:27:10 19/01/0024,37.732960,-122.42841,57.700,9.5000,65.790,21.129,99.000,1.0000,0.0000,1007.4
22:27:11 19/01/0024,37.732956,-122.42841,57.700,9.5000,65.790,21.129,99.000,1.0000,0.0000,1007.4
22:27:11 19/01/0024,37.732956,-122.42841,57.700,9.5000,65.790,21.129,99.000,1.0000,0.0000,1007.4
22:27:11 19/01/0024,37.732956,-122.42841,57.700,9.5000,65.790,21.129,99.000,1.0000,0.0000,1007.3
22:27:11 19/01/0024,37.732956,-122.42841,57.700,9.5000,65.790,21.129,99.000,1.0000,0.0000,1007.3
22:27:11 19/01/0024,37.732956,-122.42841,57.700,9.5000,65.790,21.135,99.000,1.0000,0.0000,1007.4
22:27:11 19/01/0024,37.732956,-122.42841,57.700,9.5000,65.790,21.135,99.000,1.0000,0.0000,1007.4
22:27:11 19/01/0024,37.732956,-122.42841,57.700,9.5000,65.790,21.135,99.000,1.0000,0.0000,1007.4
22:27:11 19/01/0024,37.732956,-122.42841,57.700,9.5000,65.790,21.135,99.000,1.0000,0.0000,1007.4
22:27:12 19/01/0024,37.732952,-122.42841,57.700,9.5000,65.790,21.135,99.000,1.0000,0.0000,1007.4
22:27:12 19/01/0024,37.732952,-122.42841,57.700,9.5000,65.790,21.135,99.000,1.0000,0.0000,1007.4
22:27:12 19/01/0024,37.732952,-122.42841,57.700,9.5000,65.790,21.135,99.000,1.0000,0.0000,1007.3
22:27:12 19/01/0024,37.732952,-122.42841,57.700,9.5000,65.790,21.135,99.000,1.0000,0.0000,1007.3
22:27:12 19/01/0024,37.732952,-122.42841,57.700,9.4000,65.779,21.135,99.000,1.0000,0.0000,1007.3
22:27:12 19/01/0024,37.732952,-122.42841,57.700,9.4000,65.779,21.135,99.000,1.0000,0.0000,1007.3
22:27:13 19/01/0024,37.732952,-122.42841,57.799,9.4000,65.779,21.135,99.000,1.0000,0.0000,1007.4
22:27:13 19/01/0024,37.732952,-122.42841,57.799,9.4000,65.779,21.135,99.000,1.0000,0.0000,1007.4
22:27:13 19/01/0024,37.732952,-122.42841,57.799,9.4000,65.779,21.135,99.000,1.0000,0.0000,1007.3
22:27:13 19/01/0024,37.732952,-122.42841,57.799,9.4000,65.779,21.135,99.000,1.0000,0.0000,1007.3
22:27:13 19/01/0024,37.732952,-122.42841,57.799,9.4000,65.790,21.139,99.000,1.0000,0.0000,1007.4
22:27:13 19/01/0024,37.732952,-122.42841,57.799,9.4000,65.790,21.139,99.000,1.0000,0.0000,1007.4
22:27:14 19/01/0024,37.732952,-122.42841,57.799,9.4000,65.790,21.139,99.000,1.0000,0.0000,1007.4
22:27:14 19/01/0024,37.732952,-122.42841,57.799,9.4000,65.790,21.139,99.000,1.0000,0.0000,1007.4
22:27:14 19/01/0024,37.732952,-122.42841,57.799,9.4000,65.790,21.139,99.000,1.0000,0.0000,1007.3
22:27:14 19/01/0024,37.732952,-122.42841,57.799,9.4000,65.790,21.139,99.000,1.0000,0.0000,1007.3
22:27:14 19/01/0024,37.732952,-122.42841,57.799,9.3000,65.779,21.139,99.000,1.0000,0.0000,1007.4
22:27:14 19/01/0024,37.732952,-122.42841,57.799,9.3000,65.779,21.139,99.000,1.0000,0.0000,1007.4
22:27:15 19/01/0024,37.732952,-122.42841,57.700,9.3000,65.779,21.139,99.000,1.0000,0.0000,1007.4
22:27:15 19/01/0024,37.732952,-122.42841,57.700,9.3000,65.779,21.139,99.000,1.0000,0.0000,1007.4
22:27:15 19/01/0024,37.732952,-122.42841,57.700,9.3000,65.779,21.139,99.000,1.0000,0.0000,1007.3
22:27:15 19/01/0024,37.732952,-122.42841,57.700,9.3000,65.779,21.139,99.000,1.0000,0.0000,1007.3
22:27:15 19/01/0024,37.732952,-122.42841,57.700,9.3000,65.779,21.139,99.000,1.0000,0.0000,1007.4
22:27:15 19/01/0024,37.732952,-122.42841,57.700,9.3000,65.779,21.139,99.000,1.0000,0.0000,1007.4
22:27:15 19/01/0024,37.732952,-122.42841,57.700,9.2000,65.790,21.145,99.000,1.0000,0.0000,1007.4
22:27:15 19/01/0024,37.732952,-122.42841,57.700,9.2000,65.790,21.145,99.000,1.0000,0.0000,1007.4
22:27:16 19/01/0024,37.732952,-122.42841,57.700,9.2000,65.790,21.145,99.000,1.0000,0.0000,1007.4
22:27:16 19/01/0024,37.732952,-122.42841,57.700,9.2000,65.790,21.145,99.000,1.0000,0.0000,1007.4
22:27:16 19/01/0024,37.732952,-122.42841,57.700,9.2000,65.790,21.145,99.000,1.0000,0.0000,1007.4
22:27:16 19/01/0024,37.732952,-122.42841,57.700,9.2000,65.790,21.145,99.000,1.0000,0.0000,1007.4
22:27:16 19/01/0024,37.732952,-122.42841,57.700,9.2000,65.779,21.145,99.000,1.0000,0.0000,1007.3
22:27:16 19/01/0024,37.732952,-122.42841,57.700,9.2000,65.779,21.145,99.000,1.0000,0.0000,1007.3
22:27:17 19/01/0024,37.732952,-122.42841,57.700,9.2000,65.779,21.145,99.000,1.0000,0.0000,1007.4
22:27:17 19/01/0024,37.732952,-122.42841,57.700,9.2000,65.779,21.145,99.000,1.0000,0.0000,1007.4
22:27:17 19/01/0024,37.732952,-122.42841,57.700,9.2000,65.779,21.145,99.000,1.0000,0.0000,1007.4
22:27:17 19/01/0024,37.732952,-122.42841,57.700,9.2000,65.779,21.145,99.000,1.0000,0.0000,1007.4
22:27:17 19/01/0024,37.732952,-122.42841,57.700,9.0000,65.769,21.145,99.000,1.0000,0.0000,1007.4
22:27:17 19/01/0024,37.732952,-122.42841,57.700,9.0000,65.769,21.145,99.000,1.0000,0.0000,1007.4
22:27:18 19/01/0024,37.732956,-122.42841,57.599,9.0000,65.769,21.145,99.000,1.0000,0.0000,1007.4
22:27:18 19/01/0024,37.732956,-122.42841,57.599,9.0000,65.769,21.145,99.000,1.0000,0.0000,1007.4
22:27:18 19/01/0024,37.732956,-122.42841,57.599,9.0000,65.769,21.145,99.000,1.0000,0.0000,1007.4
22:27:18 19/01/0024,37.732956,-122.42841,57.599,9.0000,65.769,21.145,99.000,1.0000,0.0000,1007.4
22:27:18 19/01/0024,37.732956,-122.42841,57.599,8.9000,65.769,21.150,99.000,1.0000,0.0000,1007.3
22:27:18 19/01/0024,37.732956,-122.42841,57.599,8.9000,65.769,21.150,99.000,1.0000,0.0000,1007.3
22:27:19 19/01/0024,37.732960,-122.42840,57.599,8.9000,65.769,21.150,99.000,1.0000,0.0000,1007.3
22:27:19 19/01/0024,37.732960,-122.42840,57.599,8.9000,65.769,21.150,99.000,1.0000,0.0000,1007.3
22:27:19 19/01/0024,37.732960,-122.42840,57.599,8.9000,65.769,21.150,99.000,1.0000,0.0000,1007.4
22:27:19 19/01/0024,37.732960,-122.42840,57.599,8.9000,65.769,21.150,99.000,1.0000,0.0000,1007.4
22:27:19 19/01/0024,37.732960,-122.42840,57.599,8.9000,65.769,21.150,99.000,1.0000,0.0000,1007.4
22:27:19 19/01/0024,37.732960,-122.42840,57.599,8.9000,65.769,21.150,99.000,1.0000,0.0000,1007.4
22:27:19 19/01/0024,37.732960,-122.42840,57.599,8.9000,65.769,21.150,99.000,1.0000,0.0000,1007.4
22:27:19 19/01/0024,37.732960,-122.42840,57.599,8.9000,65.769,21.150,99.000,1.0000,0.0000,1007.4
22:27:20 19/01/0024,37.732956,-122.42840,57.500,8.9000,65.769,21.150,99.000,1.0000,0.0000,1007.4
22:27:20 19/01/0024,37.732956,-122.42840,57.500,8.9000,65.769,21.150,99.000,1.0000,0.0000,1007.4
22:27:20 19/01/0024,37.732956,-122.42840,57.500,8.9000,65.769,21.150,99.000,1.0000,0.0000,1007.4
22:27:20 19/01/0024,37.732956,-122.42840,57.500,8.9000,65.769,21.150,99.000,1.0000,0.0000,1007.4
22:27:20 19/01/0024,37.732956,-122.42840,57.500,8.8000,65.760,21.155,99.000,1.0000,0.0000,1007.4
22:27:20 19/01/0024,37.732956,-122.42840,57.500,8.8000,65.760,21.155,99.000,1.0000,0.0000,1007.4
22:27:21 19/01/0024,37.732952,-122.42840,57.500,8.8000,65.760,21.155,99.000,1.0000,0.0000,1007.4
22:27:21 19/01/0024,37.732952,-122.42840,57.500,8.8000,65.760,21.155,99.000,1.0000,0.0000,1007.4
22:27:21 19/01/0024,37.732952,-122.42840,57.500,8.8000,65.760,21.155,99.000,1.0000,0.0000,1007.4
22:27:21 19/01/0024,37.732952,-122.42840,57.500,8.8000,65.760,21.155,99.000,1.0000,0.0000,1007.4
22:27:21 19/01/0024,37.732952,-122.42840,57.500,8.7000,65.750,21.155,99.000,1.0000,0.0000,1007.3
22:27:21 19/01/0024,37.732952,-122.42840,57.500,8.7000,65.750,21.155,99.000,1.0000,0.0000,1007.3
22:27:22 19/01/0024,37.732952,-122.42840,57.400,8.7000,65.750,21.155,99.000,1.0000,0.0000,1007.3
22:27:22 19/01/0024,37.732952,-122.42840,57.400,8.7000,65.750,21.155,99.000,1.0000,0.0000,1007.3
22:27:22 19/01/0024,37.732952,-122.42840,57.400,8.7000,65.750,21.155,99.000,1.0000,0.0000,1007.4
22:27:22 19/01/0024,37.732952,-122.42840,57.400,8.7000,65.750,21.155,99.000,1.0000,0.0000,1007.4
