TimeStamp,Latitude,Longitude,Altitude,PM25,RelativeHumidity,Temperature,vocIndex,noxIndex,ButtonPress,PressurehPa
0.000000,0.000000,0.0000,0.6000,58.610,21.705,80.000,1.0000,0.0000,1016.3
0.000000,0.000000,0.0000,0.6000,58.610,21.705,80.000,1.0000,0.0000,1016.3
21:14:22 06/12/0023,0.000000,0.000000,0.0000,0.6000,58.630,21.705,80.000,1.0000,0.0000,1016.3
21:14:22 06/12/0023,0.000000,0.000000,0.0000,0.6000,58.630,21.705,80.000,1.0000,0.0000,1016.3
21:14:22 06/12/0023,0.000000,0.000000,0.0000,0.6000,58.630,21.705,80.000,1.0000,0.0000,1016.3
21:14:22 06/12/0023,0.000000,0.000000,0.0000,0.6000,58.630,21.705,80.000,1.0000,0.0000,1016.3
21:14:22 06/12/0023,0.000000,0.000000,0.0000,0.6000,58.630,21.705,80.000,1.0000,0.0000,1016.3
21:14:22 06/12/0023,0.000000,0.000000,0.0000,0.6000,58.630,21.705,80.000,1.0000,0.0000,1016.3
21:14:23 06/12/0023,0.000000,0.000000,0.0000,0.6000,58.650,21.705,81.000,1.0000,0.0000,1016.3
21:14:23 06/12/0023,0.000000,0.000000,0.0000,0.6000,58.650,21.705,81.000,1.0000,0.0000,1016.3
21:14:23 06/12/0023,0.000000,0.000000,0.0000,0.6000,58.650,21.705,81.000,1.0000,0.0000,1016.3
21:14:23 06/12/0023,0.000000,0.000000,0.0000,0.6000,58.650,21.705,81.000,1.0000,0.0000,1016.3
21:14:24 06/12/0023,0.000000,0.000000,0.0000,0.6000,58.650,21.705,81.000,1.0000,0.0000,1016.3
21:14:24 06/12/0023,0.000000,0.000000,0.0000,0.6000,58.650,21.705,81.000,1.0000,0.0000,1016.3
21:14:24 06/12/0023,0.000000,0.000000,0.0000,0.6000,58.650,21.705,81.000,1.0000,0.0000,1016.3
21:14:24 06/12/0023,0.000000,0.000000,0.0000,0.6000,58.650,21.705,81.000,1.0000,0.0000,1016.3
21:14:24 06/12/0023,0.000000,0.000000,0.0000,0.6000,58.680,21.705,81.000,1.0000,0.0000,1016.3
21:14:24 06/12/0023,0.000000,0.000000,0.0000,0.6000,58.680,21.705,81.000,1.0000,0.0000,1016.3
21:14:24 06/12/0023,0.000000,0.000000,0.0000,0.6000,58.680,21.705,81.000,1.0000,0.0000,1016.3
21:14:24 06/12/0023,0.000000,0.000000,0.0000,0.6000,58.680,21.705,81.000,1.0000,0.0000,1016.3
21:14:25 06/12/0023,0.000000,0.000000,0.0000,0.6000,58.680,21.705,81.000,1.0000,0.0000,1016.3
21:14:25 06/12/0023,0.000000,0.000000,0.0000,0.6000,58.680,21.705,81.000,1.0000,0.0000,1016.3
21:14:25 06/12/0023,0.000000,0.000000,0.0000,0.7000,58.709,21.705,81.000,1.0000,0.0000,1016.3
21:14:25 06/12/0023,0.000000,0.000000,0.0000,0.7000,58.709,21.705,81.000,1.0000,0.0000,1016.3
21:14:25 06/12/0023,0.000000,0.000000,0.0000,0.7000,58.709,21.705,81.000,1.0000,0.0000,1016.3
21:14:25 06/12/0023,0.000000,0.000000,0.0000,0.7000,58.709,21.705,81.000,1.0000,0.0000,1016.3
21:14:26 06/12/0023,0.000000,0.000000,0.0000,0.7000,58.709,21.705,81.000,1.0000,0.0000,1016.3
21:14:26 06/12/0023,0.000000,0.000000,0.0000,0.7000,58.709,21.705,81.000,1.0000,0.0000,1016.3
21:14:26 06/12/0023,0.000000,0.000000,0.0000,0.7000,58.740,21.705,82.000,1.0000,0.0000,1016.3
21:14:26 06/12/0023,0.000000,0.000000,0.0000,0.7000,58.740,21.705,82.000,1.0000,0.0000,1016.3
21:14:26 06/12/0023,0.000000,0.000000,0.0000,0.7000,58.740,21.705,82.000,1.0000,0.0000,1016.3
21:14:26 06/12/0023,0.000000,0.000000,0.0000,0.7000,58.740,21.705,82.000,1.0000,0.0000,1016.3
21:14:27 06/12/0023,0.000000,0.000000,0.0000,0.7000,58.740,21.705,82.000,1.0000,0.0000,1016.3
21:14:27 06/12/0023,0.000000,0.000000,0.0000,0.7000,58.740,21.705,82.000,1.0000,0.0000,1016.3
21:14:27 06/12/0023,0.000000,0.000000,0.0000,0.7000,58.740,21.705,82.000,1.0000,0.0000,1016.3
21:14:27 06/12/0023,0.000000,0.000000,0.0000,0.7000,58.740,21.705,82.000,1.0000,0.0000,1016.3
