TimeStamp, Latitude, Longitude, Altitude, PM25, RelativeHumidity, Temperature, vocIndex, noxIndex, ButtonPress, PressurehPa
00:00:11 06/01/0080,0.000000,0.000000,0.0000,9.3000,47.189,21.254,120.00,1.0000,0.0000,1020.3
00:00:11 06/01/0080,0.000000,0.000000,0.0000,9.3000,47.189,21.254,120.00,1.0000,0.0000,1020.3
16:35:23 09/01/0080,0.000000,0.000000,0.0000,9.3000,47.189,21.254,120.00,1.0000,0.0000,1020.3
16:35:23 09/01/0080,0.000000,0.000000,0.0000,9.3000,47.189,21.254,120.00,1.0000,0.0000,1020.3
16:35:24 09/01/0080,0.000000,0.000000,0.0000,9.2000,47.200,21.254,118.00,1.0000,0.0000,1020.3
16:35:24 09/01/0080,0.000000,0.000000,0.0000,9.2000,47.200,21.254,118.00,1.0000,0.0000,1020.3
16:35:24 09/01/0080,0.000000,0.000000,0.0000,9.2000,47.200,21.254,118.00,1.0000,0.0000,1020.3
16:35:24 09/01/0080,0.000000,0.000000,0.0000,9.2000,47.200,21.254,118.00,1.0000,0.0000,1020.3
16:35:24 09/01/0080,0.000000,0.000000,0.0000,9.2000,47.200,21.254,118.00,1.0000,0.0000,1020.3
16:35:24 09/01/0080,0.000000,0.000000,0.0000,9.2000,47.200,21.254,118.00,1.0000,0.0000,1020.3
16:35:24 09/01/0080,0.000000,0.000000,0.0000,9.2000,47.209,21.250,116.00,1.0000,0.0000,1020.3
16:35:24 09/01/0080,0.000000,0.000000,0.0000,9.2000,47.209,21.250,116.00,1.0000,0.0000,1020.3
16:35:25 09/01/0080,0.000000,0.000000,0.0000,9.2000,47.209,21.250,116.00,1.0000,0.0000,1020.3
16:35:25 09/01/0080,0.000000,0.000000,0.0000,9.2000,47.209,21.250,116.00,1.0000,0.0000,1020.3
16:35:25 09/01/0080,0.000000,0.000000,0.0000,9.2000,47.209,21.250,116.00,1.0000,0.0000,1020.4
16:35:25 09/01/0080,0.000000,0.000000,0.0000,9.2000,47.209,21.250,116.00,1.0000,0.0000,1020.4
16:35:25 09/01/0080,0.000000,0.000000,0.0000,9.2000,47.209,21.250,116.00,1.0000,0.0000,1020.3
16:35:25 09/01/0080,0.000000,0.000000,0.0000,9.2000,47.209,21.250,116.00,1.0000,0.0000,1020.3
16:35:26 09/01/0080,0.000000,0.000000,0.0000,9.1000,47.220,21.250,114.00,1.0000,0.0000,1020.3
16:35:26 09/01/0080,0.000000,0.000000,0.0000,9.1000,47.220,21.250,114.00,1.0000,0.0000,1020.3
16:35:26 09/01/0080,0.000000,0.000000,0.0000,9.1000,47.220,21.250,114.00,1.0000,0.0000,1020.3
16:35:26 09/01/0080,0.000000,0.000000,0.0000,9.1000,47.220,21.250,114.00,1.0000,0.0000,1020.3
16:35:26 09/01/0080,0.000000,0.000000,0.0000,9.1000,47.220,21.250,114.00,1.0000,0.0000,1020.3
16:35:26 09/01/0080,0.000000,0.000000,0.0000,9.1000,47.220,21.250,114.00,1.0000,0.0000,1020.3
16:35:26 09/01/0080,0.000000,0.000000,0.0000,9.1000,47.220,21.250,114.00,1.0000,0.0000,1020.3
16:35:26 09/01/0080,0.000000,0.000000,0.0000,9.1000,47.220,21.250,114.00,1.0000,0.0000,1020.3
16:35:27 09/01/0080,0.000000,0.000000,0.0000,9.0000,47.220,21.250,111.00,1.0000,0.0000,1020.3
16:35:27 09/01/0080,0.000000,0.000000,0.0000,9.0000,47.220,21.250,111.00,1.0000,0.0000,1020.3
16:35:27 09/01/0080,0.000000,0.000000,0.0000,9.0000,47.220,21.250,111.00,1.0000,0.0000,1020.3
16:35:27 09/01/0080,0.000000,0.000000,0.0000,9.0000,47.220,21.250,111.00,1.0000,0.0000,1020.3
16:35:27 09/01/0080,0.000000,0.000000,0.0000,9.0000,47.220,21.250,111.00,1.0000,0.0000,1020.3
16:35:27 09/01/0080,0.000000,0.000000,0.0000,9.0000,47.220,21.250,111.00,1.0000,0.0000,1020.3
16:35:28 09/01/0080,0.000000,0.000000,0.0000,9.0000,47.220,21.245,109.00,1.0000,0.0000,1020.3
16:35:28 09/01/0080,0.000000,0.000000,0.0000,9.0000,47.220,21.245,109.00,1.0000,0.0000,1020.3
16:35:28 09/01/0080,0.000000,0.000000,0.0000,9.0000,47.220,21.245,109.00,1.0000,0.0000,1020.3
16:35:28 09/01/0080,0.000000,0.000000,0.0000,9.0000,47.220,21.245,109.00,1.0000,0.0000,1020.3
16:35:28 09/01/0080,0.000000,0.000000,0.0000,9.0000,47.220,21.245,109.00,1.0000,0.0000,1020.3
16:35:28 09/01/0080,0.000000,0.000000,0.0000,9.0000,47.220,21.245,109.00,1.0000,0.0000,1020.3
16:35:28 09/01/0080,0.000000,0.000000,0.0000,9.0000,47.220,21.245,109.00,1.0000,0.0000,1020.3
16:35:28 09/01/0080,0.000000,0.000000,0.0000,9.0000,47.220,21.245,109.00,1.0000,0.0000,1020.3
16:35:29 09/01/0080,0.000000,0.000000,0.0000,8.9000,47.220,21.245,107.00,1.0000,0.0000,1020.3
16:35:29 09/01/0080,0.000000,0.000000,0.0000,8.9000,47.220,21.245,107.00,1.0000,0.0000,1020.3
16:35:29 09/01/0080,0.000000,0.000000,0.0000,8.9000,47.220,21.245,107.00,1.0000,0.0000,1020.3
16:35:29 09/01/0080,0.000000,0.000000,0.0000,8.9000,47.220,21.245,107.00,1.0000,0.0000,1020.3
16:35:29 09/01/0080,0.000000,0.000000,0.0000,8.9000,47.220,21.245,107.00,1.0000,0.0000,1020.3
16:35:29 09/01/0080,0.000000,0.000000,0.0000,8.9000,47.220,21.245,107.00,1.0000,0.0000,1020.3
16:35:29 09/01/0080,0.000000,0.000000,0.0000,8.9000,47.220,21.240,105.00,1.0000,0.0000,1020.3
16:35:29 09/01/0080,0.000000,0.000000,0.0000,8.9000,47.220,21.240,105.00,1.0000,0.0000,1020.3
16:35:30 09/01/0080,0.000000,0.000000,0.0000,8.9000,47.220,21.240,105.00,1.0000,0.0000,1020.4
16:35:30 09/01/0080,0.000000,0.000000,0.0000,8.9000,47.220,21.240,105.00,1.0000,0.0000,1020.4
16:35:30 09/01/0080,0.000000,0.000000,0.0000,8.9000,47.220,21.240,105.00,1.0000,0.0000,1020.3
16:35:30 09/01/0080,0.000000,0.000000,0.0000,8.9000,47.220,21.240,105.00,1.0000,0.0000,1020.3
16:35:30 09/01/0080,0.000000,0.000000,0.0000,8.9000,47.220,21.240,105.00,1.0000,0.0000,1020.3
16:35:30 09/01/0080,0.000000,0.000000,0.0000,8.9000,47.220,21.240,105.00,1.0000,0.0000,1020.3
16:35:31 09/01/0080,0.000000,0.000000,0.0000,8.9000,47.220,21.240,104.00,1.0000,0.0000,1020.4
16:35:31 09/01/0080,0.000000,0.000000,0.0000,8.9000,47.220,21.240,104.00,1.0000,0.0000,1020.4
16:35:31 09/01/0080,0.000000,0.000000,0.0000,8.9000,47.220,21.240,104.00,1.0000,0.0000,1020.3
16:35:31 09/01/0080,0.000000,0.000000,0.0000,8.9000,47.220,21.240,104.00,1.0000,0.0000,1020.3
16:35:31 09/01/0080,0.000000,0.000000,0.0000,8.9000,47.220,21.240,104.00,1.0000,0.0000,1020.4
16:35:31 09/01/0080,0.000000,0.000000,0.0000,8.9000,47.220,21.240,104.00,1.0000,0.0000,1020.4
16:35:31 09/01/0080,0.000000,0.000000,0.0000,8.8000,47.209,21.235,102.00,1.0000,0.0000,1020.4
16:35:31 09/01/0080,0.000000,0.000000,0.0000,8.8000,47.209,21.235,102.00,1.0000,0.0000,1020.4
16:35:32 09/01/0080,0.000000,0.000000,0.0000,8.8000,47.209,21.235,102.00,1.0000,0.0000,1020.3
16:35:32 09/01/0080,0.000000,0.000000,0.0000,8.8000,47.209,21.235,102.00,1.0000,0.0000,1020.3
16:35:32 09/01/0080,0.000000,0.000000,0.0000,8.8000,47.209,21.235,102.00,1.0000,0.0000,1020.3
16:35:32 09/01/0080,0.000000,0.000000,0.0000,8.8000,47.209,21.235,102.00,1.0000,0.0000,1020.3
16:35:32 09/01/0080,0.000000,0.000000,0.0000,8.8000,47.209,21.235,102.00,1.0000,0.0000,1020.3
16:35:32 09/01/0080,0.000000,0.000000,0.0000,8.8000,47.209,21.235,102.00,1.0000,0.0000,1020.3
16:35:33 09/01/0080,0.000000,0.000000,0.0000,8.8000,47.209,21.230,100.00,1.0000,0.0000,1020.3
16:35:33 09/01/0080,0.000000,0.000000,0.0000,8.8000,47.209,21.230,100.00,1.0000,0.0000,1020.3
16:35:33 09/01/0080,0.000000,0.000000,0.0000,8.8000,47.209,21.230,100.00,1.0000,0.0000,1020.3
16:35:33 09/01/0080,0.000000,0.000000,0.0000,8.8000,47.209,21.230,100.00,1.0000,0.0000,1020.3
16:35:33 09/01/0080,0.000000,0.000000,0.0000,8.8000,47.209,21.230,100.00,1.0000,0.0000,1020.3
16:35:33 09/01/0080,0.000000,0.000000,0.0000,8.8000,47.209,21.230,100.00,1.0000,0.0000,1020.3
16:35:33 09/01/0080,0.000000,0.000000,0.0000,8.8000,47.200,21.230,99.000,1.0000,0.0000,1020.3
16:35:33 09/01/0080,0.000000,0.000000,0.0000,8.8000,47.200,21.230,99.000,1.0000,0.0000,1020.3
16:35:34 09/01/0080,0.000000,0.000000,0.0000,8.8000,47.200,21.230,99.000,1.0000,0.0000,1020.3
16:35:34 09/01/0080,0.000000,0.000000,0.0000,8.8000,47.200,21.230,99.000,1.0000,0.0000,1020.3
16:35:34 09/01/0080,0.000000,0.000000,0.0000,8.8000,47.200,21.230,99.000,1.0000,0.0000,1020.4
16:35:34 09/01/0080,0.000000,0.000000,0.0000,8.8000,47.200,21.230,99.000,1.0000,0.0000,1020.4
16:35:34 09/01/0080,0.000000,0.000000,0.0000,8.8000,47.200,21.230,99.000,1.0000,0.0000,1020.3
16:35:34 09/01/0080,0.000000,0.000000,0.0000,8.8000,47.200,21.230,99.000,1.0000,0.0000,1020.3
16:35:35 09/01/0080,0.000000,0.000000,0.0000,8.7000,47.200,21.225,97.000,1.0000,0.0000,1020.3
16:35:35 09/01/0080,0.000000,0.000000,0.0000,8.7000,47.200,21.225,97.000,1.0000,0.0000,1020.3
16:35:35 09/01/0080,0.000000,0.000000,0.0000,8.7000,47.200,21.225,97.000,1.0000,0.0000,1020.4
16:35:35 09/01/0080,0.000000,0.000000,0.0000,8.7000,47.200,21.225,97.000,1.0000,0.0000,1020.4
16:35:35 09/01/0080,0.000000,0.000000,0.0000,8.7000,47.200,21.225,97.000,1.0000,0.0000,1020.3
16:35:35 09/01/0080,0.000000,0.000000,0.0000,8.7000,47.200,21.225,97.000,1.0000,0.0000,1020.3
16:35:35 09/01/0080,0.000000,0.000000,0.0000,8.7000,47.200,21.225,97.000,1.0000,0.0000,1020.3
16:35:35 09/01/0080,0.000000,0.000000,0.0000,8.7000,47.200,21.225,97.000,1.0000,0.0000,1020.3
16:35:36 09/01/0080,0.000000,0.000000,0.0000,8.7000,47.189,21.225,96.000,1.0000,0.0000,1020.3
16:35:36 09/01/0080,0.000000,0.000000,0.0000,8.7000,47.189,21.225,96.000,1.0000,0.0000,1020.3
16:35:36 09/01/0080,0.000000,0.000000,0.0000,8.7000,47.189,21.225,96.000,1.0000,0.0000,1020.4
16:35:36 09/01/0080,0.000000,0.000000,0.0000,8.7000,47.189,21.225,96.000,1.0000,0.0000,1020.4
16:35:36 09/01/0080,0.000000,0.000000,0.0000,8.7000,47.189,21.225,96.000,1.0000,0.0000,1020.3
16:35:36 09/01/0080,0.000000,0.000000,0.0000,8.7000,47.189,21.225,96.000,1.0000,0.0000,1020.3
16:35:37 09/01/0080,0.000000,0.000000,0.0000,8.8000,47.200,21.219,95.000,1.0000,0.0000,1020.3
16:35:37 09/01/0080,0.000000,0.000000,0.0000,8.8000,47.200,21.219,95.000,1.0000,0.0000,1020.3
16:35:37 09/01/0080,0.000000,0.000000,0.0000,8.8000,47.200,21.219,95.000,1.0000,0.0000,1020.3
16:35:37 09/01/0080,0.000000,0.000000,0.0000,8.8000,47.200,21.219,95.000,1.0000,0.0000,1020.3
16:35:37 09/01/0080,0.000000,0.000000,0.0000,8.8000,47.200,21.219,95.000,1.0000,0.0000,1020.4
16:35:37 09/01/0080,0.000000,0.000000,0.0000,8.8000,47.200,21.219,95.000,1.0000,0.0000,1020.4
16:35:37 09/01/0080,0.000000,0.000000,0.0000,8.8000,47.200,21.219,95.000,1.0000,0.0000,1020.3
16:35:37 09/01/0080,0.000000,0.000000,0.0000,8.8000,47.200,21.219,95.000,1.0000,0.0000,1020.3
16:35:38 09/01/0080,0.000000,0.000000,0.0000,8.8000,47.189,21.215,94.000,1.0000,0.0000,1020.4
16:35:38 09/01/0080,0.000000,0.000000,0.0000,8.8000,47.189,21.215,94.000,1.0000,0.0000,1020.4
16:35:38 09/01/0080,0.000000,0.000000,0.0000,8.8000,47.189,21.215,94.000,1.0000,0.0000,1020.3
16:35:38 09/01/0080,0.000000,0.000000,0.0000,8.8000,47.189,21.215,94.000,1.0000,0.0000,1020.3
16:35:38 09/01/0080,0.000000,0.000000,0.0000,8.8000,47.189,21.215,94.000,1.0000,0.0000,1020.4
16:35:38 09/01/0080,0.000000,0.000000,0.0000,8.8000,47.189,21.215,94.000,1.0000,0.0000,1020.4
16:35:39 09/01/0080,0.000000,0.000000,0.0000,8.9000,47.200,21.215,93.000,1.0000,0.0000,1020.4
16:35:39 09/01/0080,0.000000,0.000000,0.0000,8.9000,47.200,21.215,93.000,1.0000,0.0000,1020.4
16:35:39 09/01/0080,0.000000,0.000000,0.0000,8.9000,47.200,21.215,93.000,1.0000,0.0000,1020.4
16:35:39 09/01/0080,0.000000,0.000000,0.0000,8.9000,47.200,21.215,93.000,1.0000,0.0000,1020.4
16:35:39 09/01/0080,0.000000,0.000000,0.0000,8.9000,47.200,21.215,93.000,1.0000,0.0000,1020.3
16:35:39 09/01/0080,0.000000,0.000000,0.0000,8.9000,47.200,21.215,93.000,1.0000,0.0000,1020.3
16:35:39 09/01/0080,0.000000,0.000000,0.0000,8.9000,47.200,21.215,93.000,1.0000,0.0000,1020.4
16:35:39 09/01/0080,0.000000,0.000000,0.0000,8.9000,47.200,21.215,93.000,1.0000,0.0000,1020.4
16:35:40 09/01/0080,0.000000,0.000000,0.0000,8.9000,47.220,21.209,92.000,1.0000,0.0000,1020.3
16:35:40 09/01/0080,0.000000,0.000000,0.0000,8.9000,47.220,21.209,92.000,1.0000,0.0000,1020.3
16:35:40 09/01/0080,0.000000,0.000000,0.0000,8.9000,47.220,21.209,92.000,1.0000,0.0000,1020.4
16:35:40 09/01/0080,0.000000,0.000000,0.0000,8.9000,47.220,21.209,92.000,1.0000,0.0000,1020.4
16:35:40 09/01/0080,0.000000,0.000000,0.0000,8.9000,47.220,21.209,92.000,1.0000,0.0000,1020.3
16:35:40 09/01/0080,0.000000,0.000000,0.0000,8.9000,47.220,21.209,92.000,1.0000,0.0000,1020.3
16:35:41 09/01/0080,0.000000,0.000000,0.0000,8.9000,47.230,21.205,91.000,1.0000,0.0000,1020.3
16:35:41 09/01/0080,0.000000,0.000000,0.0000,8.9000,47.230,21.205,91.000,1.0000,0.0000,1020.3
16:35:41 09/01/0080,0.000000,0.000000,0.0000,8.9000,47.230,21.205,91.000,1.0000,0.0000,1020.4
16:35:41 09/01/0080,0.000000,0.000000,0.0000,8.9000,47.230,21.205,91.000,1.0000,0.0000,1020.4
16:35:41 09/01/0080,0.000000,0.000000,0.0000,8.9000,47.230,21.205,91.000,1.0000,0.0000,1020.3
16:35:41 09/01/0080,0.000000,0.000000,0.0000,8.9000,47.230,21.205,91.000,1.0000,0.0000,1020.3
16:35:41 09/01/0080,0.000000,0.000000,0.0000,8.9000,47.230,21.205,91.000,1.0000,0.0000,1020.4
16:35:41 09/01/0080,0.000000,0.000000,0.0000,8.9000,47.230,21.205,91.000,1.0000,0.0000,1020.4
16:35:42 09/01/0080,0.000000,0.000000,0.0000,9.0000,47.230,21.200,91.000,1.0000,0.0000,1020.4
16:35:42 09/01/0080,0.000000,0.000000,0.0000,9.0000,47.230,21.200,91.000,1.0000,0.0000,1020.4
16:35:42 09/01/0080,0.000000,0.000000,0.0000,9.0000,47.230,21.200,91.000,1.0000,0.0000,1020.4
16:35:42 09/01/0080,0.000000,0.000000,0.0000,9.0000,47.230,21.200,91.000,1.0000,0.0000,1020.4
16:35:42 09/01/0080,0.000000,0.000000,0.0000,9.0000,47.230,21.200,91.000,1.0000,0.0000,1020.3
16:35:42 09/01/0080,0.000000,0.000000,0.0000,9.0000,47.230,21.200,91.000,1.0000,0.0000,1020.3
16:35:42 09/01/0080,0.000000,0.000000,0.0000,9.1000,47.240,21.200,90.000,1.0000,0.0000,1020.3
16:35:42 09/01/0080,0.000000,0.000000,0.0000,9.1000,47.240,21.200,90.000,1.0000,0.0000,1020.3
16:35:43 09/01/0080,0.000000,0.000000,0.0000,9.1000,47.240,21.200,90.000,1.0000,0.0000,1020.4
16:35:43 09/01/0080,0.000000,0.000000,0.0000,9.1000,47.240,21.200,90.000,1.0000,0.0000,1020.4
16:35:43 09/01/0080,0.000000,0.000000,0.0000,9.1000,47.240,21.200,90.000,1.0000,0.0000,1020.3
16:35:43 09/01/0080,0.000000,0.000000,0.0000,9.1000,47.240,21.200,90.000,1.0000,0.0000,1020.3
16:35:43 09/01/0080,0.000000,0.000000,0.0000,9.1000,47.240,21.200,90.000,1.0000,0.0000,1020.4
16:35:43 09/01/0080,0.000000,0.000000,0.0000,9.1000,47.240,21.200,90.000,1.0000,0.0000,1020.4
16:35:44 09/01/0080,0.000000,0.000000,0.0000,9.2000,47.250,21.195,89.000,1.0000,0.0000,1020.4
16:35:44 09/01/0080,0.000000,0.000000,0.0000,9.2000,47.250,21.195,89.000,1.0000,0.0000,1020.4
16:35:44 09/01/0080,0.000000,0.000000,0.0000,9.2000,47.250,21.195,89.000,1.0000,0.0000,1020.4
16:35:44 09/01/0080,0.000000,0.000000,0.0000,9.2000,47.250,21.195,89.000,1.0000,0.0000,1020.4
16:35:44 09/01/0080,0.000000,0.000000,0.0000,9.2000,47.250,21.195,89.000,1.0000,0.0000,1020.3
16:35:44 09/01/0080,0.000000,0.000000,0.0000,9.2000,47.250,21.195,89.000,1.0000,0.0000,1020.3
16:35:44 09/01/0080,0.000000,0.000000,0.0000,9.2000,47.250,21.195,89.000,1.0000,0.0000,1020.3
16:35:44 09/01/0080,0.000000,0.000000,0.0000,9.2000,47.250,21.195,89.000,1.0000,0.0000,1020.3
16:35:45 09/01/0080,0.000000,0.000000,0.0000,9.3000,47.259,21.190,89.000,1.0000,0.0000,1020.3
16:35:45 09/01/0080,0.000000,0.000000,0.0000,9.3000,47.259,21.190,89.000,1.0000,0.0000,1020.3
16:35:45 09/01/0080,0.000000,0.000000,0.0000,9.3000,47.259,21.190,89.000,1.0000,0.0000,1020.4
16:35:45 09/01/0080,0.000000,0.000000,0.0000,9.3000,47.259,21.190,89.000,1.0000,0.0000,1020.4
16:35:45 09/01/0080,0.000000,0.000000,0.0000,9.3000,47.259,21.190,89.000,1.0000,0.0000,1020.3
16:35:45 09/01/0080,0.000000,0.000000,0.0000,9.3000,47.259,21.190,89.000,1.0000,0.0000,1020.3
16:35:46 09/01/0080,0.000000,0.000000,0.0000,9.4000,47.279,21.184,88.000,1.0000,0.0000,1020.4
16:35:46 09/01/0080,0.000000,0.000000,0.0000,9.4000,47.279,21.184,88.000,1.0000,0.0000,1020.4
16:35:46 09/01/0080,0.000000,0.000000,0.0000,9.4000,47.279,21.184,88.000,1.0000,0.0000,1020.3
16:35:46 09/01/0080,0.000000,0.000000,0.0000,9.4000,47.279,21.184,88.000,1.0000,0.0000,1020.3
16:35:46 09/01/0080,0.000000,0.000000,0.0000,9.4000,47.279,21.184,88.000,1.0000,0.0000,1020.3
16:35:46 09/01/0080,0.000000,0.000000,0.0000,9.4000,47.279,21.184,88.000,1.0000,0.0000,1020.3
16:35:46 09/01/0080,0.000000,0.000000,0.0000,9.4000,47.279,21.184,88.000,1.0000,0.0000,1020.4
16:35:46 09/01/0080,0.000000,0.000000,0.0000,9.4000,47.279,21.184,88.000,1.0000,0.0000,1020.4
16:35:47 09/01/0080,0.000000,0.000000,0.0000,9.5000,47.290,21.180,88.000,1.0000,0.0000,1020.3
16:35:47 09/01/0080,0.000000,0.000000,0.0000,9.5000,47.290,21.180,88.000,1.0000,0.0000,1020.3
16:35:47 09/01/0080,0.000000,0.000000,0.0000,9.5000,47.290,21.180,88.000,1.0000,0.0000,1020.4
16:35:47 09/01/0080,0.000000,0.000000,0.0000,9.5000,47.290,21.180,88.000,1.0000,0.0000,1020.4
16:35:47 09/01/0080,0.000000,0.000000,0.0000,9.5000,47.290,21.180,88.000,1.0000,0.0000,1020.3
16:35:47 09/01/0080,0.000000,0.000000,0.0000,9.5000,47.290,21.180,88.000,1.0000,0.0000,1020.3
16:35:48 09/01/0080,0.000000,0.000000,0.0000,9.5000,47.299,21.174,88.000,1.0000,0.0000,1020.3
16:35:48 09/01/0080,0.000000,0.000000,0.0000,9.5000,47.299,21.174,88.000,1.0000,0.0000,1020.3
16:35:48 09/01/0080,0.000000,0.000000,0.0000,9.5000,47.299,21.174,88.000,1.0000,0.0000,1020.4
16:35:48 09/01/0080,0.000000,0.000000,0.0000,9.5000,47.299,21.174,88.000,1.0000,0.0000,1020.4
16:35:48 09/01/0080,0.000000,0.000000,0.0000,9.5000,47.299,21.174,88.000,1.0000,0.0000,1020.4
16:35:48 09/01/0080,0.000000,0.000000,0.0000,9.5000,47.299,21.174,88.000,1.0000,0.0000,1020.4
16:35:48 09/01/0080,0.000000,0.000000,0.0000,9.5000,47.299,21.174,88.000,1.0000,0.0000,1020.4
16:35:48 09/01/0080,0.000000,0.000000,0.0000,9.5000,47.299,21.174,88.000,1.0000,0.0000,1020.4
16:35:49 09/01/0080,0.000000,0.000000,0.0000,9.5000,47.320,21.170,87.000,1.0000,0.0000,1020.4
16:35:49 09/01/0080,0.000000,0.000000,0.0000,9.5000,47.320,21.170,87.000,1.0000,0.0000,1020.4
16:35:49 09/01/0080,0.000000,0.000000,0.0000,9.5000,47.320,21.170,87.000,1.0000,0.0000,1020.3
16:35:49 09/01/0080,0.000000,0.000000,0.0000,9.5000,47.320,21.170,87.000,1.0000,0.0000,1020.3
16:35:49 09/01/0080,0.000000,0.000000,0.0000,9.5000,47.320,21.170,87.000,1.0000,0.0000,1020.4
16:35:49 09/01/0080,0.000000,0.000000,0.0000,9.5000,47.320,21.170,87.000,1.0000,0.0000,1020.4
16:35:50 09/01/0080,0.000000,0.000000,0.0000,9.5000,47.330,21.165,87.000,1.0000,0.0000,1020.4
16:35:50 09/01/0080,0.000000,0.000000,0.0000,9.5000,47.330,21.165,87.000,1.0000,0.0000,1020.4
16:35:50 09/01/0080,0.000000,0.000000,0.0000,9.5000,47.330,21.165,87.000,1.0000,0.0000,1020.3
16:35:50 09/01/0080,0.000000,0.000000,0.0000,9.5000,47.330,21.165,87.000,1.0000,0.0000,1020.3
16:35:50 09/01/0080,0.000000,0.000000,0.0000,9.5000,47.330,21.165,87.000,1.0000,0.0000,1020.4
16:35:50 09/01/0080,0.000000,0.000000,0.0000,9.5000,47.330,21.165,87.000,1.0000,0.0000,1020.4
16:35:50 09/01/0080,0.000000,0.000000,0.0000,9.5000,47.330,21.165,87.000,1.0000,0.0000,1020.4
16:35:50 09/01/0080,0.000000,0.000000,0.0000,9.5000,47.330,21.165,87.000,1.0000,0.0000,1020.4
16:35:51 09/01/0080,0.000000,0.000000,0.0000,9.6000,47.340,21.160,87.000,1.0000,0.0000,1020.4
16:35:51 09/01/0080,0.000000,0.000000,0.0000,9.6000,47.340,21.160,87.000,1.0000,0.0000,1020.4
16:35:51 09/01/0080,0.000000,0.000000,0.0000,9.6000,47.340,21.160,87.000,1.0000,0.0000,1020.4
16:35:51 09/01/0080,0.000000,0.000000,0.0000,9.6000,47.340,21.160,87.000,1.0000,0.0000,1020.4
16:35:51 09/01/0080,0.000000,0.000000,0.0000,9.6000,47.340,21.160,87.000,1.0000,0.0000,1020.4
16:35:51 09/01/0080,0.000000,0.000000,0.0000,9.6000,47.340,21.160,87.000,1.0000,0.0000,1020.4
16:35:52 09/01/0080,0.000000,0.000000,0.0000,9.6000,47.340,21.160,87.000,1.0000,0.0000,1020.4
16:35:52 09/01/0080,0.000000,0.000000,0.0000,9.6000,47.340,21.160,87.000,1.0000,0.0000,1020.4
16:35:52 09/01/0080,0.000000,0.000000,0.0000,9.6000,47.349,21.155,87.000,1.0000,0.0000,1020.4
16:35:52 09/01/0080,0.000000,0.000000,0.0000,9.6000,47.349,21.155,87.000,1.0000,0.0000,1020.4
16:35:52 09/01/0080,0.000000,0.000000,0.0000,9.6000,47.349,21.155,87.000,1.0000,0.0000,1020.4
16:35:52 09/01/0080,0.000000,0.000000,0.0000,9.6000,47.349,21.155,87.000,1.0000,0.0000,1020.4
16:35:52 09/01/0080,0.000000,0.000000,0.0000,9.6000,47.349,21.155,87.000,1.0000,0.0000,1020.3
16:35:52 09/01/0080,0.000000,0.000000,0.0000,9.6000,47.349,21.155,87.000,1.0000,0.0000,1020.3
16:35:53 09/01/0080,0.000000,0.000000,0.0000,9.6000,47.349,21.150,87.000,1.0000,0.0000,1020.4
16:35:53 09/01/0080,0.000000,0.000000,0.0000,9.6000,47.349,21.150,87.000,1.0000,0.0000,1020.4
16:35:53 09/01/0080,0.000000,0.000000,0.0000,9.6000,47.349,21.150,87.000,1.0000,0.0000,1020.4
16:35:53 09/01/0080,0.000000,0.000000,0.0000,9.6000,47.349,21.150,87.000,1.0000,0.0000,1020.4
16:35:53 09/01/0080,0.000000,0.000000,0.0000,9.6000,47.349,21.150,87.000,1.0000,0.0000,1020.4
16:35:53 09/01/0080,0.000000,0.000000,0.0000,9.6000,47.349,21.150,87.000,1.0000,0.0000,1020.4
16:35:54 09/01/0080,0.000000,0.000000,0.0000,9.6000,47.349,21.150,87.000,1.0000,0.0000,1020.4
16:35:54 09/01/0080,0.000000,0.000000,0.0000,9.6000,47.349,21.150,87.000,1.0000,0.0000,1020.4
16:35:54 09/01/0080,0.000000,0.000000,0.0000,9.6000,47.360,21.145,87.000,1.0000,0.0000,1020.4
16:35:54 09/01/0080,0.000000,0.000000,0.0000,9.6000,47.360,21.145,87.000,1.0000,0.0000,1020.4
16:35:54 09/01/0080,0.000000,0.000000,0.0000,9.6000,47.360,21.145,87.000,1.0000,0.0000,1020.4
16:35:54 09/01/0080,0.000000,0.000000,0.0000,9.6000,47.360,21.145,87.000,1.0000,0.0000,1020.4
16:35:54 09/01/0080,0.000000,0.000000,0.0000,9.6000,47.360,21.145,87.000,1.0000,0.0000,1020.4
16:35:54 09/01/0080,0.000000,0.000000,0.0000,9.6000,47.360,21.145,87.000,1.0000,0.0000,1020.4
16:35:55 09/01/0080,0.000000,0.000000,0.0000,9.5000,47.360,21.139,86.000,1.0000,0.0000,1020.4
16:35:55 09/01/0080,0.000000,0.000000,0.0000,9.5000,47.360,21.139,86.000,1.0000,0.0000,1020.4
16:35:55 09/01/0080,0.000000,0.000000,0.0000,9.5000,47.360,21.139,86.000,1.0000,0.0000,1020.4
16:35:55 09/01/0080,0.000000,0.000000,0.0000,9.5000,47.360,21.139,86.000,1.0000,0.0000,1020.4
16:35:55 09/01/0080,0.000000,0.000000,0.0000,9.5000,47.360,21.139,86.000,1.0000,0.0000,1020.4
16:35:55 09/01/0080,0.000000,0.000000,0.0000,9.5000,47.360,21.139,86.000,1.0000,0.0000,1020.4
16:35:55 09/01/0080,0.000000,0.000000,0.0000,9.5000,47.360,21.139,86.000,1.0000,0.0000,1020.4
16:35:55 09/01/0080,0.000000,0.000000,0.0000,9.5000,47.360,21.139,86.000,1.0000,0.0000,1020.4
16:35:56 09/01/0080,0.000000,0.000000,0.0000,9.5000,47.360,21.135,86.000,1.0000,0.0000,1020.4
16:35:56 09/01/0080,0.000000,0.000000,0.0000,9.5000,47.360,21.135,86.000,1.0000,0.0000,1020.4
16:35:56 09/01/0080,0.000000,0.000000,0.0000,9.5000,47.360,21.135,86.000,1.0000,0.0000,1020.4
16:35:56 09/01/0080,0.000000,0.000000,0.0000,9.5000,47.360,21.135,86.000,1.0000,0.0000,1020.4
16:35:56 09/01/0080,0.000000,0.000000,0.0000,9.5000,47.360,21.135,86.000,1.0000,0.0000,1020.4
16:35:56 09/01/0080,0.000000,0.000000,0.0000,9.5000,47.360,21.135,86.000,1.0000,0.0000,1020.4
16:35:57 09/01/0080,0.000000,0.000000,0.0000,9.4000,47.369,21.129,86.000,1.0000,0.0000,1020.4
16:35:57 09/01/0080,0.000000,0.000000,0.0000,9.4000,47.369,21.129,86.000,1.0000,0.0000,1020.4
16:35:57 09/01/0080,0.000000,0.000000,0.0000,9.4000,47.369,21.129,86.000,1.0000,0.0000,1020.4
16:35:57 09/01/0080,0.000000,0.000000,0.0000,9.4000,47.369,21.129,86.000,1.0000,0.0000,1020.4
16:35:57 09/01/0080,0.000000,0.000000,0.0000,9.4000,47.369,21.129,86.000,1.0000,0.0000,1020.3
16:35:57 09/01/0080,0.000000,0.000000,0.0000,9.4000,47.369,21.129,86.000,1.0000,0.0000,1020.3
16:35:57 09/01/0080,0.000000,0.000000,0.0000,9.4000,47.369,21.129,86.000,1.0000,0.0000,1020.4
16:35:57 09/01/0080,0.000000,0.000000,0.0000,9.4000,47.369,21.129,86.000,1.0000,0.0000,1020.4
16:35:58 09/01/0080,0.000000,0.000000,0.0000,9.3000,47.380,21.125,86.000,1.0000,0.0000,1020.4
16:35:58 09/01/0080,0.000000,0.000000,0.0000,9.3000,47.380,21.125,86.000,1.0000,0.0000,1020.4
16:35:58 09/01/0080,0.000000,0.000000,0.0000,9.3000,47.380,21.125,86.000,1.0000,0.0000,1020.3
16:35:58 09/01/0080,0.000000,0.000000,0.0000,9.3000,47.380,21.125,86.000,1.0000,0.0000,1020.3
16:35:58 09/01/0080,0.000000,0.000000,0.0000,9.3000,47.380,21.125,86.000,1.0000,0.0000,1020.4
16:35:58 09/01/0080,0.000000,0.000000,0.0000,9.3000,47.380,21.125,86.000,1.0000,0.0000,1020.4
16:35:59 09/01/0080,0.000000,0.000000,0.0000,9.3000,47.389,21.115,86.000,1.0000,0.0000,1020.4
16:35:59 09/01/0080,0.000000,0.000000,0.0000,9.3000,47.389,21.115,86.000,1.0000,0.0000,1020.4
