TimeStamp,Latitude,Longitude,Altitude,PM25,RelativeHumidity,Temperature,vocIndex,noxIndex,ButtonPress,PressurehPa
,0.000000,0.000000,0.0000,1.3000,49.099,25.735,99.000,1.0000,0.0000,1018.0
,0.000000,0.000000,0.0000,1.3000,49.099,25.735,99.000,1.0000,0.0000,1018.0
00:02:26 06/01/0080,0.000000,0.000000,0.0000,1.3000,49.099,25.735,99.000,1.0000,0.0000,1018.0
00:02:26 06/01/0080,0.000000,0.000000,0.0000,1.3000,49.099,25.735,99.000,1.0000,0.0000,1018.0
00:02:28 06/01/0080,0.000000,0.000000,0.0000,1.3000,49.080,25.730,99.000,1.0000,0.0000,1018.0
00:02:28 06/01/0080,0.000000,0.000000,0.0000,1.3000,49.080,25.730,99.000,1.0000,0.0000,1018.0
00:02:30 06/01/0080,0.000000,0.000000,0.0000,1.3000,49.090,25.730,99.000,1.0000,0.0000,1018.0
00:02:30 06/01/0080,0.000000,0.000000,0.0000,1.3000,49.090,25.730,99.000,1.0000,0.0000,1018.0
00:02:31 06/01/0080,0.000000,0.000000,0.0000,1.3000,49.090,25.725,99.000,1.0000,0.0000,1018.0
00:02:31 06/01/0080,0.000000,0.000000,0.0000,1.3000,49.090,25.725,99.000,1.0000,0.0000,1018.0
00:02:33 06/01/0080,0.000000,0.000000,0.0000,1.3000,49.080,25.719,99.000,1.0000,0.0000,1018.0
00:02:33 06/01/0080,0.000000,0.000000,0.0000,1.3000,49.080,25.719,99.000,1.0000,0.0000,1018.0
00:02:34 06/01/0080,0.000000,0.000000,0.0000,1.2000,49.070,25.715,100.00,1.0000,0.0000,1018.0
00:02:34 06/01/0080,0.000000,0.000000,0.0000,1.2000,49.070,25.715,100.00,1.0000,0.0000,1018.0
00:02:36 06/01/0080,0.000000,0.000000,0.0000,1.2000,49.060,25.709,100.00,1.0000,0.0000,1018.0
00:02:36 06/01/0080,0.000000,0.000000,0.0000,1.2000,49.060,25.709,100.00,1.0000,0.0000,1018.0
00:02:38 06/01/0080,0.000000,0.000000,0.0000,1.2000,49.060,25.705,100.00,1.0000,0.0000,1018.0
00:02:38 06/01/0080,0.000000,0.000000,0.0000,1.2000,49.060,25.705,100.00,1.0000,0.0000,1018.0
00:02:39 06/01/0080,0.000000,0.000000,0.0000,1.2000,49.060,25.700,100.00,1.0000,0.0000,1018.0
00:02:39 06/01/0080,0.000000,0.000000,0.0000,1.2000,49.060,25.700,100.00,1.0000,0.0000,1018.0
00:02:41 06/01/0080,0.000000,0.000000,0.0000,1.1000,49.070,25.700,100.00,1.0000,0.0000,1018.1
00:02:41 06/01/0080,0.000000,0.000000,0.0000,1.1000,49.070,25.700,100.00,1.0000,0.0000,1018.1
00:02:42 06/01/0080,0.000000,0.000000,0.0000,1.1000,49.090,25.700,100.00,1.0000,0.0000,1018.0
00:02:42 06/01/0080,0.000000,0.000000,0.0000,1.1000,49.090,25.700,100.00,1.0000,0.0000,1018.0
00:02:44 06/01/0080,0.000000,0.000000,0.0000,1.1000,49.110,25.700,100.00,1.0000,0.0000,1018.0
00:02:44 06/01/0080,0.000000,0.000000,0.0000,1.1000,49.110,25.700,100.00,1.0000,0.0000,1018.0
00:02:45 06/01/0080,0.000000,0.000000,0.0000,1.2000,49.139,25.700,101.00,1.0000,0.0000,1018.0
00:02:45 06/01/0080,0.000000,0.000000,0.0000,1.2000,49.139,25.700,101.00,1.0000,0.0000,1018.0
00:02:47 06/01/0080,0.000000,0.000000,0.0000,1.2000,49.150,25.700,101.00,1.0000,0.0000,1018.0
00:02:47 06/01/0080,0.000000,0.000000,0.0000,1.2000,49.150,25.700,101.00,1.0000,0.0000,1018.0
00:02:49 06/01/0080,0.000000,0.000000,0.0000,1.1000,49.180,25.700,101.00,1.0000,0.0000,1018.0
00:02:49 06/01/0080,0.000000,0.000000,0.0000,1.1000,49.180,25.700,101.00,1.0000,0.0000,1018.0
00:02:50 06/01/0080,0.000000,0.000000,0.0000,1.1000,49.200,25.700,101.00,1.0000,0.0000,1018.1
00:02:50 06/01/0080,0.000000,0.000000,0.0000,1.1000,49.200,25.700,101.00,1.0000,0.0000,1018.1
00:02:52 06/01/0080,0.000000,0.000000,0.0000,1.2000,49.230,25.700,101.00,1.0000,0.0000,1018.0
00:02:52 06/01/0080,0.000000,0.000000,0.0000,1.2000,49.230,25.700,101.00,1.0000,0.0000,1018.0
00:02:53 06/01/0080,0.000000,0.000000,0.0000,1.2000,49.240,25.700,101.00,1.0000,0.0000,1018.0
00:02:53 06/01/0080,0.000000,0.000000,0.0000,1.2000,49.240,25.700,101.00,1.0000,0.0000,1018.0
00:02:55 06/01/0080,0.000000,0.000000,0.0000,1.2000,49.240,25.700,102.00,1.0000,0.0000,1018.0
00:02:55 06/01/0080,0.000000,0.000000,0.0000,1.2000,49.240,25.700,102.00,1.0000,0.0000,1018.0
00:02:57 06/01/0080,0.000000,0.000000,0.0000,1.3000,49.240,25.700,102.00,1.0000,0.0000,1018.0
00:02:57 06/01/0080,0.000000,0.000000,0.0000,1.3000,49.240,25.700,102.00,1.0000,0.0000,1018.0
00:02:58 06/01/0080,0.000000,0.000000,0.0000,1.3000,49.230,25.700,102.00,1.0000,0.0000,1018.0
00:02:58 06/01/0080,0.000000,0.000000,0.0000,1.3000,49.230,25.700,102.00,1.0000,0.0000,1018.0
00:03:00 06/01/0080,0.000000,0.000000,0.0000,1.4000,49.220,25.700,102.00,1.0000,0.0000,1018.1
00:03:00 06/01/0080,0.000000,0.000000,0.0000,1.4000,49.220,25.700,102.00,1.0000,0.0000,1018.1
00:03:01 06/01/0080,0.000000,0.000000,0.0000,1.4000,49.220,25.695,102.00,1.0000,0.0000,1018.0
00:03:01 06/01/0080,0.000000,0.000000,0.0000,1.4000,49.220,25.695,102.00,1.0000,0.0000,1018.0
00:03:03 06/01/0080,0.000000,0.000000,0.0000,1.5000,49.240,25.695,102.00,1.0000,0.0000,1018.0
00:03:03 06/01/0080,0.000000,0.000000,0.0000,1.5000,49.240,25.695,102.00,1.0000,0.0000,1018.0
00:03:05 06/01/0080,0.000000,0.000000,0.0000,1.5000,49.259,25.695,103.00,1.0000,0.0000,1018.0
00:03:05 06/01/0080,0.000000,0.000000,0.0000,1.5000,49.259,25.695,103.00,1.0000,0.0000,1018.0
00:03:06 06/01/0080,0.000000,0.000000,0.0000,1.5000,49.259,25.695,103.00,1.0000,0.0000,1018.0
00:03:06 06/01/0080,0.000000,0.000000,0.0000,1.5000,49.259,25.695,103.00,1.0000,0.0000,1018.0
00:03:08 06/01/0080,0.000000,0.000000,0.0000,1.4000,49.310,25.695,103.00,1.0000,0.0000,1018.0
00:03:08 06/01/0080,0.000000,0.000000,0.0000,1.4000,49.310,25.695,103.00,1.0000,0.0000,1018.0
00:03:09 06/01/0080,0.000000,0.000000,0.0000,1.4000,49.330,25.695,103.00,1.0000,0.0000,1018.0
00:03:09 06/01/0080,0.000000,0.000000,0.0000,1.4000,49.330,25.695,103.00,1.0000,0.0000,1018.0
00:03:11 06/01/0080,0.000000,0.000000,0.0000,1.4000,49.380,25.690,103.00,1.0000,0.0000,1018.0
00:03:11 06/01/0080,0.000000,0.000000,0.0000,1.4000,49.380,25.690,103.00,1.0000,0.0000,1018.0
00:03:13 06/01/0080,0.000000,0.000000,0.0000,1.3000,49.400,25.690,103.00,1.0000,0.0000,1018.0
00:03:13 06/01/0080,0.000000,0.000000,0.0000,1.3000,49.400,25.690,103.00,1.0000,0.0000,1018.0
00:03:14 06/01/0080,0.000000,0.000000,0.0000,1.3000,49.459,25.684,104.00,1.0000,0.0000,1018.0
00:03:14 06/01/0080,0.000000,0.000000,0.0000,1.3000,49.459,25.684,104.00,1.0000,0.0000,1018.0
00:03:16 06/01/0080,0.000000,0.000000,0.0000,1.3000,49.529,25.680,104.00,1.0000,0.0000,1018.0
00:03:16 06/01/0080,0.000000,0.000000,0.0000,1.3000,49.529,25.680,104.00,1.0000,0.0000,1018.0
00:03:17 06/01/0080,0.000000,0.000000,0.0000,1.3000,49.570,25.680,104.00,1.0000,0.0000,1018.0
00:03:17 06/01/0080,0.000000,0.000000,0.0000,1.3000,49.570,25.680,104.00,1.0000,0.0000,1018.0
00:03:19 06/01/0080,0.000000,0.000000,0.0000,1.3000,49.639,25.680,105.00,1.0000,0.0000,1018.0
00:03:19 06/01/0080,0.000000,0.000000,0.0000,1.3000,49.639,25.680,105.00,1.0000,0.0000,1018.0
00:03:20 06/01/0080,0.000000,0.000000,0.0000,1.3000,49.669,25.674,105.00,1.0000,0.0000,1018.0
00:03:20 06/01/0080,0.000000,0.000000,0.0000,1.3000,49.669,25.674,105.00,1.0000,0.0000,1018.0
00:03:22 06/01/0080,0.000000,0.000000,0.0000,1.3000,49.730,25.674,105.00,1.0000,0.0000,1018.0
00:03:22 06/01/0080,0.000000,0.000000,0.0000,1.3000,49.730,25.674,105.00,1.0000,0.0000,1018.0
00:03:24 06/01/0080,0.000000,0.000000,0.0000,1.4000,49.779,25.674,105.00,1.0000,0.0000,1018.0
00:03:24 06/01/0080,0.000000,0.000000,0.0000,1.4000,49.779,25.674,105.00,1.0000,0.0000,1018.0
00:03:25 06/01/0080,0.000000,0.000000,0.0000,1.4000,49.799,25.674,105.00,1.0000,0.0000,1018.0
00:03:25 06/01/0080,0.000000,0.000000,0.0000,1.4000,49.799,25.674,105.00,1.0000,0.0000,1018.0
00:03:27 06/01/0080,0.000000,0.000000,0.0000,1.4000,49.849,25.674,105.00,1.0000,0.0000,1018.1
00:03:27 06/01/0080,0.000000,0.000000,0.0000,1.4000,49.849,25.674,105.00,1.0000,0.0000,1018.1
00:03:28 06/01/0080,0.000000,0.000000,0.0000,1.4000,49.869,25.674,105.00,1.0000,0.0000,1018.0
00:03:28 06/01/0080,0.000000,0.000000,0.0000,1.4000,49.869,25.674,105.00,1.0000,0.0000,1018.0
00:03:30 06/01/0080,0.000000,0.000000,0.0000,1.4000,49.900,25.674,105.00,1.0000,0.0000,1018.0
00:03:30 06/01/0080,0.000000,0.000000,0.0000,1.4000,49.900,25.674,105.00,1.0000,0.0000,1018.0
00:03:32 06/01/0080,0.000000,0.000000,0.0000,1.4000,49.900,25.674,105.00,1.0000,0.0000,1018.0
00:03:32 06/01/0080,0.000000,0.000000,0.0000,1.4000,49.900,25.674,105.00,1.0000,0.0000,1018.0
00:03:33 06/01/0080,0.000000,0.000000,0.0000,1.4000,49.900,25.674,106.00,1.0000,0.0000,1018.0
00:03:33 06/01/0080,0.000000,0.000000,0.0000,1.4000,49.900,25.674,106.00,1.0000,0.0000,1018.0
00:03:35 06/01/0080,0.000000,0.000000,0.0000,1.4000,49.889,25.674,106.00,1.0000,0.0000,1018.0
00:03:35 06/01/0080,0.000000,0.000000,0.0000,1.4000,49.889,25.674,106.00,1.0000,0.0000,1018.0
00:03:36 06/01/0080,0.000000,0.000000,0.0000,1.4000,49.889,25.674,106.00,1.0000,0.0000,1018.0
00:03:36 06/01/0080,0.000000,0.000000,0.0000,1.4000,49.889,25.674,106.00,1.0000,0.0000,1018.0
00:03:38 06/01/0080,0.000000,0.000000,0.0000,1.4000,49.880,25.670,106.00,1.0000,0.0000,1018.0
00:03:38 06/01/0080,0.000000,0.000000,0.0000,1.4000,49.880,25.670,106.00,1.0000,0.0000,1018.0
00:03:40 06/01/0080,0.000000,0.000000,0.0000,1.4000,49.880,25.670,106.00,1.0000,0.0000,1018.0
00:03:40 06/01/0080,0.000000,0.000000,0.0000,1.4000,49.880,25.670,106.00,1.0000,0.0000,1018.0
00:03:41 06/01/0080,0.000000,0.000000,0.0000,1.3000,49.860,25.670,105.00,1.0000,0.0000,1018.0
00:03:41 06/01/0080,0.000000,0.000000,0.0000,1.3000,49.860,25.670,105.00,1.0000,0.0000,1018.0
00:03:43 06/01/0080,0.000000,0.000000,0.0000,1.3000,49.860,25.670,105.00,1.0000,0.0000,1018.0
00:03:43 06/01/0080,0.000000,0.000000,0.0000,1.3000,49.860,25.670,105.00,1.0000,0.0000,1018.0
00:03:44 06/01/0080,0.000000,0.000000,0.0000,1.3000,49.860,25.670,105.00,1.0000,0.0000,1018.0
00:03:44 06/01/0080,0.000000,0.000000,0.0000,1.3000,49.860,25.670,105.00,1.0000,0.0000,1018.0
00:03:46 06/01/0080,0.000000,0.000000,0.0000,1.3000,49.860,25.670,105.00,1.0000,0.0000,1018.0
00:03:46 06/01/0080,0.000000,0.000000,0.0000,1.3000,49.860,25.670,105.00,1.0000,0.0000,1018.0
00:03:48 06/01/0080,0.000000,0.000000,0.0000,1.3000,49.860,25.670,105.00,1.0000,0.0000,1018.0
00:03:48 06/01/0080,0.000000,0.000000,0.0000,1.3000,49.860,25.670,105.00,1.0000,0.0000,1018.0
00:03:49 06/01/0080,0.000000,0.000000,0.0000,1.2000,49.860,25.670,105.00,1.0000,0.0000,1018.0
00:03:49 06/01/0080,0.000000,0.000000,0.0000,1.2000,49.860,25.670,105.00,1.0000,0.0000,1018.0
00:03:51 06/01/0080,0.000000,0.000000,0.0000,1.2000,49.860,25.670,105.00,1.0000,0.0000,1018.0
00:03:51 06/01/0080,0.000000,0.000000,0.0000,1.2000,49.860,25.670,105.00,1.0000,0.0000,1018.0
00:03:52 06/01/0080,0.000000,0.000000,0.0000,1.3000,49.900,25.670,106.00,1.0000,0.0000,1018.0
00:03:52 06/01/0080,0.000000,0.000000,0.0000,1.3000,49.900,25.670,106.00,1.0000,0.0000,1018.0
00:03:54 06/01/0080,0.000000,0.000000,0.0000,1.3000,49.950,25.670,107.00,1.0000,0.0000,1018.0
00:03:54 06/01/0080,0.000000,0.000000,0.0000,1.3000,49.950,25.670,107.00,1.0000,0.0000,1018.0
00:03:55 06/01/0080,0.000000,0.000000,0.0000,1.3000,49.970,25.670,108.00,1.0000,0.0000,1018.0
00:03:55 06/01/0080,0.000000,0.000000,0.0000,1.3000,49.970,25.670,108.00,1.0000,0.0000,1018.0
00:03:57 06/01/0080,0.000000,0.000000,0.0000,1.3000,50.009,25.674,110.00,1.0000,0.0000,1018.0
00:03:57 06/01/0080,0.000000,0.000000,0.0000,1.3000,50.009,25.674,110.00,1.0000,0.0000,1018.0
00:03:59 06/01/0080,0.000000,0.000000,0.0000,1.3000,50.020,25.674,111.00,1.0000,0.0000,1018.0
00:03:59 06/01/0080,0.000000,0.000000,0.0000,1.3000,50.020,25.674,111.00,1.0000,0.0000,1018.0
00:04:00 06/01/0080,0.000000,0.000000,0.0000,1.3000,50.040,25.674,111.00,1.0000,0.0000,1018.0
00:04:00 06/01/0080,0.000000,0.000000,0.0000,1.3000,50.040,25.674,111.00,1.0000,0.0000,1018.0
00:04:02 06/01/0080,0.000000,0.000000,0.0000,1.3000,50.049,25.674,112.00,1.0000,0.0000,1018.0
00:04:02 06/01/0080,0.000000,0.000000,0.0000,1.3000,50.049,25.674,112.00,1.0000,0.0000,1018.0
00:04:03 06/01/0080,0.000000,0.000000,0.0000,1.2000,50.080,25.674,112.00,1.0000,0.0000,1018.0
00:04:03 06/01/0080,0.000000,0.000000,0.0000,1.2000,50.080,25.674,112.00,1.0000,0.0000,1018.0
00:04:05 06/01/0080,0.000000,0.000000,0.0000,1.2000,50.110,25.674,112.00,1.0000,0.0000,1018.0
00:04:05 06/01/0080,0.000000,0.000000,0.0000,1.2000,50.110,25.674,112.00,1.0000,0.0000,1018.0
00:04:07 06/01/0080,0.000000,0.000000,0.0000,1.2000,50.119,25.674,112.00,1.0000,0.0000,1018.0
00:04:07 06/01/0080,0.000000,0.000000,0.0000,1.2000,50.119,25.674,112.00,1.0000,0.0000,1018.0
00:04:08 06/01/0080,0.000000,0.000000,0.0000,1.2000,50.139,25.680,112.00,1.0000,0.0000,1018.0
00:04:08 06/01/0080,0.000000,0.000000,0.0000,1.2000,50.139,25.680,112.00,1.0000,0.0000,1018.0
00:04:10 06/01/0080,0.000000,0.000000,0.0000,1.2000,50.150,25.680,112.00,1.0000,0.0000,1018.0
00:04:10 06/01/0080,0.000000,0.000000,0.0000,1.2000,50.150,25.680,112.00,1.0000,0.0000,1018.0
00:04:11 06/01/0080,0.000000,0.000000,0.0000,1.2000,50.150,25.680,111.00,1.0000,0.0000,1018.0
00:04:11 06/01/0080,0.000000,0.000000,0.0000,1.2000,50.150,25.680,111.00,1.0000,0.0000,1018.0
00:04:13 06/01/0080,0.000000,0.000000,0.0000,1.3000,50.139,25.680,110.00,1.0000,0.0000,1018.0
00:04:13 06/01/0080,0.000000,0.000000,0.0000,1.3000,50.139,25.680,110.00,1.0000,0.0000,1018.0
00:04:15 06/01/0080,0.000000,0.000000,0.0000,1.3000,50.139,25.680,110.00,1.0000,0.0000,1018.0
00:04:15 06/01/0080,0.000000,0.000000,0.0000,1.3000,50.139,25.680,110.00,1.0000,0.0000,1018.0
00:04:16 06/01/0080,0.000000,0.000000,0.0000,1.3000,50.119,25.680,109.00,1.0000,0.0000,1018.0
00:04:16 06/01/0080,0.000000,0.000000,0.0000,1.3000,50.119,25.680,109.00,1.0000,0.0000,1018.0
00:04:18 06/01/0080,0.000000,0.000000,0.0000,1.3000,50.110,25.680,109.00,1.0000,0.0000,1018.0
00:04:18 06/01/0080,0.000000,0.000000,0.0000,1.3000,50.110,25.680,109.00,1.0000,0.0000,1018.0
