TimeStamp,Latitude,Longitude,Altitude,PM25,RelativeHumidity,Temperature,vocIndex,noxIndex,ButtonPress,PressurehPa
16:27:19 08/02/0024,37.768917,-122.49300,36.400,3.1000,100.00,4.2900,109.00,1.0000,0.0000,1012.4
16:28:50 08/02/0024,37.768917,-122.49300,37.099,3.2000,100.00,4.3050,109.00,1.0000,0.0000,1012.3
16:28:52 08/02/0024,37.768913,-122.49301,37.099,93.599,100.00,4.3100,109.00,1.0000,0.0000,1012.4
16:28:53 08/02/0024,37.768909,-122.49301,37.200,146.80,100.00,4.3250,109.00,1.0000,0.0000,1012.4
16:28:55 08/02/0024,37.768898,-122.49302,37.400,107.90,100.00,4.3350,109.00,1.0000,0.0000,1012.4
16:28:57 08/02/0024,37.768890,-122.49304,37.400,76.400,100.00,4.3500,109.00,1.0000,0.0000,1012.4
16:28:58 08/02/0024,37.768883,-122.49305,37.400,51.400,100.00,4.3550,109.00,1.0000,0.0000,1012.4
16:29:00 08/02/0024,37.768883,-122.49308,37.700,21.400,100.00,4.3700,109.00,1.0000,0.0000,1012.4
16:29:01 08/02/0024,37.768883,-122.49311,37.900,8.3000,100.00,4.3800,109.00,1.0000,0.0000,1012.4
16:29:03 08/02/0024,37.768875,-122.49315,38.099,5.7000,100.00,4.3850,109.00,1.0000,0.0000,1012.4
16:29:05 08/02/0024,37.768856,-122.49322,38.200,4.2000,100.00,4.4000,109.00,1.0000,0.0000,1012.4
16:29:06 08/02/0024,37.768848,-122.49326,38.299,3.9000,100.00,4.4050,109.00,1.0000,0.0000,1012.4
16:29:08 08/02/0024,37.768822,-122.49334,38.400,3.3000,100.00,4.4200,109.00,1.0000,0.0000,1012.4
16:29:09 08/02/0024,37.768810,-122.49338,38.299,3.3000,100.00,4.4350,109.00,1.0000,0.0000,1012.4
16:29:11 08/02/0024,37.768776,-122.49346,39.000,3.5000,100.00,4.4400,109.00,1.0000,0.0000,1012.4
16:29:13 08/02/0024,37.768738,-122.49355,38.799,3.5000,100.00,4.4550,109.00,1.0000,0.0000,1012.4
16:29:14 08/02/0024,37.768719,-122.49360,38.500,3.1000,100.00,4.4650,108.00,1.0000,0.0000,1012.4
16:29:16 08/02/0024,37.768684,-122.49369,38.700,3.4000,100.00,4.4800,108.00,1.0000,0.0000,1012.4
16:29:17 08/02/0024,37.768673,-122.49374,39.099,3.8000,100.00,4.4900,108.00,1.0000,0.0000,1012.4
16:29:19 08/02/0024,37.768639,-122.49385,39.700,3.6000,100.00,4.5050,108.00,1.0000,0.0000,1012.4
16:29:21 08/02/0024,37.768608,-122.49395,40.200,3.6000,100.00,4.5300,108.00,1.0000,0.0000,1012.4
16:29:22 08/02/0024,37.768597,-122.49400,40.799,3.6000,100.00,4.5400,108.00,1.0000,0.0000,1012.4
16:29:24 08/02/0024,37.768559,-122.49411,41.400,3.6000,100.00,4.5650,108.00,1.0000,0.0000,1012.4
16:29:25 08/02/0024,37.768539,-122.49417,41.099,3.5000,100.00,4.5750,108.00,1.0000,0.0000,1012.4
16:29:27 08/02/0024,37.768505,-122.49430,40.900,3.5000,100.00,4.6050,108.00,1.0000,0.0000,1012.4
16:29:29 08/02/0024,37.768478,-122.49441,41.900,3.4000,100.00,4.6350,108.00,1.0000,0.0000,1012.4
16:29:30 08/02/0024,37.768463,-122.49446,42.299,3.3000,100.00,4.6550,108.00,1.0000,0.0000,1012.4
16:29:32 08/02/0024,37.768429,-122.49459,42.500,3.2000,100.00,4.6900,108.00,1.0000,0.0000,1012.4
16:29:33 08/02/0024,37.768406,-122.49464,42.000,3.2000,100.00,4.7100,108.00,1.0000,0.0000,1012.4
16:29:35 08/02/0024,37.768375,-122.49475,41.500,3.1000,100.00,4.7500,108.00,1.0000,0.0000,1012.4
16:29:37 08/02/0024,37.768333,-122.49487,41.400,3.1000,100.00,4.7900,108.00,1.0000,0.0000,1012.4
16:29:38 08/02/0024,37.768303,-122.49492,41.000,3.1000,100.00,4.8150,108.00,1.0000,0.0000,1012.4
16:29:40 08/02/0024,37.768246,-122.49501,40.599,3.1000,100.00,4.8650,108.00,1.0000,0.0000,1012.4
16:29:41 08/02/0024,37.768208,-122.49506,40.500,3.1000,99.930,4.8900,108.00,1.0000,0.0000,1012.3
16:29:43 08/02/0024,37.768135,-122.49513,40.599,94.599,99.519,4.9450,108.00,1.0000,0.0000,1012.4
16:29:44 08/02/0024,37.768101,-122.49517,40.599,160.50,99.309,4.9750,108.00,1.0000,0.0000,1012.4
16:29:46 08/02/0024,37.768013,-122.49521,41.099,99.199,98.889,5.0300,108.00,1.0000,0.0000,1012.4
16:29:48 08/02/0024,37.767921,-122.49525,41.500,40.200,98.440,5.0900,107.00,1.0000,0.0000,1012.4
16:29:49 08/02/0024,37.767883,-122.49527,41.900,24.400,98.209,5.1200,107.00,1.0000,0.0000,1012.4
16:29:51 08/02/0024,37.767784,-122.49528,42.299,9.1000,97.750,5.1850,107.00,1.0000,0.0000,1012.4
16:29:52 08/02/0024,37.767738,-122.49528,42.599,5.7000,97.529,5.2150,107.00,1.0000,0.0000,1012.4
16:29:54 08/02/0024,37.767647,-122.49528,43.599,4.3000,97.080,5.2750,107.00,1.0000,0.0000,1012.4
16:29:56 08/02/0024,37.767578,-122.49527,43.700,3.9000,96.589,5.3350,107.00,1.0000,0.0000,1012.4
16:29:57 08/02/0024,37.767548,-122.49525,43.799,3.8000,96.349,5.3650,107.00,1.0000,0.0000,1012.4
16:29:59 08/02/0024,37.767502,-122.49524,43.400,3.7000,95.849,5.4250,107.00,1.0000,0.0000,1012.3
16:30:00 08/02/0024,37.767494,-122.49524,43.599,4.6000,95.599,5.4600,106.00,1.0000,0.0000,1012.4
16:30:02 08/02/0024,37.767498,-122.49524,43.599,3.4000,95.150,5.5200,106.00,1.0000,0.0000,1012.4
16:30:04 08/02/0024,37.767498,-122.49524,43.400,2.3000,94.940,5.5500,106.00,1.0000,0.0000,1012.3
16:30:05 08/02/0024,37.767498,-122.49524,43.500,1.5000,94.580,5.6150,106.00,1.0000,0.0000,1012.4
16:30:07 08/02/0024,37.767498,-122.49524,43.500,2.2000,94.269,5.6750,106.00,1.0000,0.0000,1012.3
16:30:08 08/02/0024,37.767498,-122.49524,43.500,1.9000,94.129,5.7050,106.00,1.0000,0.0000,1012.4
16:30:10 08/02/0024,37.767498,-122.49524,43.500,1.8000,93.879,5.7700,106.00,1.0000,0.0000,1012.3
16:30:12 08/02/0024,37.767498,-122.49524,43.400,2.2000,93.760,5.8000,106.00,1.0000,0.0000,1012.3
16:30:13 08/02/0024,37.767498,-122.49524,43.299,2.2000,93.529,5.8650,105.00,1.0000,0.0000,1012.4
16:30:15 08/02/0024,37.767494,-122.49524,43.299,2.0000,93.309,5.9300,105.00,1.0000,0.0000,1012.3
16:30:16 08/02/0024,37.767494,-122.49523,43.200,2.0000,93.199,5.9650,105.00,1.0000,0.0000,1012.4
16:30:18 08/02/0024,37.767494,-122.49523,43.200,2.0000,93.010,6.0300,105.00,1.0000,0.0000,1012.3
16:30:20 08/02/0024,37.767494,-122.49523,43.099,2.0000,92.930,6.0650,105.00,1.0000,0.0000,1012.3
16:30:21 08/02/0024,37.767494,-122.49523,43.099,2.0000,92.779,6.1400,105.00,1.0000,0.0000,1012.4
16:30:23 08/02/0024,37.767490,-122.49523,42.900,2.0000,92.699,6.1800,105.00,1.0000,0.0000,1012.4
16:30:24 08/02/0024,37.767490,-122.49523,43.000,1.9000,92.480,6.2650,105.00,1.0000,0.0000,1012.3
16:30:26 08/02/0024,37.767487,-122.49523,42.900,1.9000,92.209,6.3600,105.00,1.0000,0.0000,1012.4
16:30:28 08/02/0024,37.767487,-122.49523,42.900,1.9000,92.059,6.4050,105.00,1.0000,0.0000,1012.3
16:30:29 08/02/0024,37.767487,-122.49523,42.900,1.9000,91.690,6.5000,105.00,1.0000,0.0000,1012.3
16:30:31 08/02/0024,37.767487,-122.49523,42.900,1.9000,91.480,6.5550,105.00,1.0000,0.0000,1012.3
16:30:32 08/02/0024,37.767487,-122.49523,42.900,1.9000,91.019,6.6600,105.00,1.0000,0.0000,1012.3
16:30:34 08/02/0024,37.767487,-122.49523,43.099,2.0000,90.480,6.7650,105.00,1.0000,0.0000,1012.3
16:30:36 08/02/0024,37.767487,-122.49523,43.099,2.0000,90.190,6.8150,105.00,1.0000,0.0000,1012.4
16:30:37 08/02/0024,37.767487,-122.49523,43.200,2.0000,89.580,6.9150,105.00,1.0000,0.0000,1012.3
16:30:39 08/02/0024,37.767487,-122.49523,43.200,2.0000,89.279,6.9600,105.00,1.0000,0.0000,1012.4
16:30:40 08/02/0024,37.767487,-122.49523,43.000,2.0000,88.650,7.0550,105.00,1.0000,0.0000,1012.4
16:30:42 08/02/0024,37.767487,-122.49523,43.000,2.0000,88.040,7.1400,105.00,1.0000,0.0000,1012.4
16:30:44 08/02/0024,37.767487,-122.49523,43.099,2.0000,87.739,7.1800,105.00,1.0000,0.0000,1012.4
16:30:45 08/02/0024,37.767487,-122.49523,43.099,2.1000,87.199,7.2550,105.00,1.0000,0.0000,1012.3
16:30:47 08/02/0024,37.767487,-122.49523,43.099,2.1000,86.940,7.2900,105.00,1.0000,0.0000,1012.4
16:30:48 08/02/0024,37.767479,-122.49523,43.099,2.2000,86.489,7.3500,105.00,1.0000,0.0000,1012.4
16:30:50 08/02/0024,37.767479,-122.49523,43.099,2.2000,86.279,7.3800,105.00,1.0000,0.0000,1012.3
16:30:52 08/02/0024,37.767483,-122.49523,43.099,2.2000,85.919,7.4200,105.00,1.0000,0.0000,1012.4
16:30:53 08/02/0024,37.767483,-122.49523,43.200,2.3000,85.639,7.4500,105.00,1.0000,0.0000,1012.4
16:30:55 08/02/0024,37.767479,-122.49524,43.099,2.3000,85.529,7.4600,105.00,1.0000,0.0000,1012.4
16:30:56 08/02/0024,37.767471,-122.49523,43.099,2.3000,85.379,7.4800,105.00,1.0000,0.0000,1012.4
16:30:58 08/02/0024,37.767460,-122.49520,42.799,2.3000,85.339,7.4900,105.00,1.0000,0.0000,1012.4
16:31:00 08/02/0024,37.767426,-122.49517,42.500,2.3000,85.220,7.5000,106.00,1.0000,0.0000,1012.4
16:31:01 08/02/0024,37.767406,-122.49517,42.500,2.3000,85.059,7.5050,106.00,1.0000,0.0000,1012.3
16:31:03 08/02/0024,37.767368,-122.49514,42.299,2.3000,84.949,7.5100,106.00,1.0000,0.0000,1012.4
16:31:04 08/02/0024,37.767349,-122.49511,42.200,2.3000,84.739,7.5150,106.00,1.0000,0.0000,1012.4
16:31:06 08/02/0024,37.767296,-122.49506,41.799,2.4000,84.639,7.5150,106.00,1.0000,0.0000,1012.4
16:31:08 08/02/0024,37.767242,-122.49500,41.599,2.4000,84.430,7.5200,106.00,1.0000,0.0000,1012.4
16:31:09 08/02/0024,37.767212,-122.49497,41.500,2.4000,84.309,7.5200,106.00,1.0000,0.0000,1012.4
16:31:11 08/02/0024,37.767162,-122.49488,41.200,2.4000,84.099,7.5200,106.00,1.0000,0.0000,1012.4
16:31:12 08/02/0024,37.767139,-122.49483,41.400,2.5000,83.860,7.5200,106.00,1.0000,0.0000,1012.4
16:31:14 08/02/0024,37.767094,-122.49473,41.299,2.5000,83.730,7.5200,106.00,1.0000,0.0000,1012.4
16:31:16 08/02/0024,37.767059,-122.49462,41.599,2.5000,83.440,7.5200,106.00,1.0000,0.0000,1012.4
16:31:17 08/02/0024,37.767040,-122.49457,41.500,2.5000,83.279,7.5200,106.00,2.0000,0.0000,1012.4
16:31:19 08/02/0024,37.767010,-122.49446,41.099,2.6000,82.940,7.5200,105.00,2.0000,0.0000,1012.4
16:31:20 08/02/0024,37.767010,-122.49440,40.900,2.7000,82.589,7.5150,105.00,2.0000,0.0000,1012.4
16:31:22 08/02/0024,37.767010,-122.49427,41.200,2.7000,82.419,7.5150,105.00,2.0000,0.0000,1012.4
16:31:24 08/02/0024,37.767029,-122.49415,41.599,2.8000,82.099,7.5050,105.00,2.0000,0.0000,1012.4
16:31:25 08/02/0024,37.767048,-122.49409,41.599,2.8000,81.930,7.5050,105.00,2.0000,0.0000,1012.4
16:31:27 08/02/0024,37.767082,-122.49396,41.400,2.9000,81.629,7.4950,105.00,2.0000,0.0000,1012.4
16:31:28 08/02/0024,37.767101,-122.49390,42.000,2.9000,81.480,7.4900,105.00,2.0000,0.0000,1012.4
16:31:30 08/02/0024,37.767139,-122.49377,42.000,2.9000,81.199,7.4750,105.00,2.0000,0.0000,1012.4
16:31:32 08/02/0024,37.767174,-122.49366,41.599,2.9000,80.949,7.4650,104.00,2.0000,0.0000,1012.4
16:31:33 08/02/0024,37.767189,-122.49359,41.500,3.0000,80.830,7.4550,104.00,2.0000,0.0000,1012.4
16:31:35 08/02/0024,37.767231,-122.49347,41.400,3.0000,80.589,7.4450,104.00,2.0000,0.0000,1012.4
16:31:36 08/02/0024,37.767250,-122.49341,41.900,3.1000,80.470,7.4350,104.00,2.0000,0.0000,1012.4
16:31:38 08/02/0024,37.767284,-122.49330,42.099,3.0000,80.239,7.4250,103.00,2.0000,0.0000,1012.4
16:31:40 08/02/0024,37.767307,-122.49322,42.400,3.0000,80.000,7.4100,103.00,2.0000,0.0000,1012.4
16:31:41 08/02/0024,37.767307,-122.49318,42.400,3.1000,79.889,7.4050,103.00,2.0000,0.0000,1012.4
16:31:43 08/02/0024,37.767300,-122.49317,42.500,3.1000,79.690,7.3900,102.00,2.0000,0.0000,1012.4
16:31:44 08/02/0024,37.767296,-122.49317,42.799,3.1000,79.599,7.3850,102.00,2.0000,0.0000,1012.4
16:31:46 08/02/0024,37.767296,-122.49315,42.799,3.0000,79.430,7.3750,101.00,2.0000,0.0000,1012.4
16:31:48 08/02/0024,37.767292,-122.49315,42.799,3.0000,79.300,7.3650,101.00,2.0000,0.0000,1012.5
16:31:49 08/02/0024,37.767292,-122.49315,42.700,3.0000,79.239,7.3600,100.00,2.0000,0.0000,1012.4
16:31:51 08/02/0024,37.767288,-122.49315,42.700,3.1000,79.150,7.3500,100.00,2.0000,0.0000,1012.4
16:31:52 08/02/0024,37.767288,-122.49315,42.799,3.0000,79.120,7.3450,100.00,2.0000,0.0000,1012.4
16:31:54 08/02/0024,37.767288,-122.49315,42.799,3.0000,79.050,7.3350,99.000,2.0000,0.0000,1012.4
16:31:56 08/02/0024,37.767288,-122.49315,42.900,3.0000,79.029,7.3350,99.000,2.0000,0.0000,1012.4
16:31:57 08/02/0024,37.767288,-122.49315,42.900,3.0000,79.000,7.3250,99.000,1.0000,0.0000,1012.4
16:31:59 08/02/0024,37.767284,-122.49315,42.799,3.0000,79.010,7.3200,99.000,1.0000,0.0000,1012.4
16:32:00 08/02/0024,37.767288,-122.49314,42.799,3.0000,79.010,7.3150,98.000,1.0000,0.0000,1012.4
16:32:02 08/02/0024,37.767288,-122.49314,42.700,3.0000,79.029,7.3100,98.000,1.0000,0.0000,1012.4
16:32:04 08/02/0024,37.767288,-122.49314,42.700,2.9000,79.050,7.3050,98.000,1.0000,0.0000,1012.4
16:32:05 08/02/0024,37.767288,-122.49314,42.599,2.8000,79.099,7.3000,98.000,1.0000,0.0000,1012.4
16:32:07 08/02/0024,37.767288,-122.49314,42.500,2.7000,79.180,7.2950,98.000,1.0000,0.0000,1012.4
16:32:08 08/02/0024,37.767288,-122.49314,42.700,2.7000,79.230,7.2900,98.000,1.0000,0.0000,1012.4
16:32:10 08/02/0024,37.767288,-122.49314,42.599,2.7000,79.320,7.2850,97.000,1.0000,0.0000,1012.4
16:32:12 08/02/0024,37.767288,-122.49314,42.599,2.6000,79.349,7.2850,97.000,1.0000,0.0000,1012.4
16:32:13 08/02/0024,37.767292,-122.49314,42.599,2.6000,79.440,7.2800,97.000,1.0000,0.0000,1012.4
16:32:15 08/02/0024,37.767288,-122.49314,42.599,2.5000,79.480,7.2750,97.000,1.0000,0.0000,1012.4
16:32:16 08/02/0024,37.767288,-122.49314,42.599,2.5000,79.550,7.2700,97.000,1.0000,0.0000,1012.4
16:32:18 08/02/0024,37.767284,-122.49315,42.700,2.5000,79.629,7.2650,97.000,1.0000,0.0000,1012.4
16:32:20 08/02/0024,37.767284,-122.49315,42.700,2.5000,79.660,7.2650,97.000,1.0000,0.0000,1012.4
16:32:21 08/02/0024,37.767288,-122.49315,42.700,2.4000,79.720,7.2600,97.000,1.0000,0.0000,1012.4
16:32:23 08/02/0024,37.767307,-122.49315,42.700,2.4000,79.720,7.2550,97.000,1.0000,0.0000,1012.4
16:32:24 08/02/0024,37.767315,-122.49315,42.799,2.3000,79.690,7.2550,97.000,1.0000,0.0000,1012.4
16:32:26 08/02/0024,37.767326,-122.49313,42.200,2.3000,79.629,7.2500,97.000,1.0000,0.0000,1012.4
16:32:28 08/02/0024,37.767342,-122.49308,41.799,2.3000,79.599,7.2450,97.000,1.0000,0.0000,1012.4
16:32:29 08/02/0024,37.767349,-122.49304,41.599,2.2000,79.559,7.2450,97.000,1.0000,0.0000,1012.4
16:32:31 08/02/0024,37.767372,-122.49296,41.599,2.2000,79.540,7.2400,97.000,1.0000,0.0000,1012.4
16:32:32 08/02/0024,37.767387,-122.49291,41.400,2.2000,79.529,7.2350,97.000,1.0000,0.0000,1012.4
16:32:34 08/02/0024,37.767418,-122.49282,41.400,2.2000,79.510,7.2350,97.000,1.0000,0.0000,1012.4
16:32:36 08/02/0024,37.767445,-122.49272,41.599,2.2000,79.459,7.2300,96.000,1.0000,0.0000,1012.4
16:32:37 08/02/0024,37.767460,-122.49267,41.799,2.3000,79.360,7.2250,96.000,1.0000,0.0000,1012.3
16:32:39 08/02/0024,37.767498,-122.49255,41.700,2.4000,79.309,7.2250,96.000,1.0000,0.0000,1012.4
16:32:40 08/02/0024,37.767517,-122.49250,41.799,2.5000,79.199,7.2200,96.000,1.0000,0.0000,1012.4
16:32:42 08/02/0024,37.767548,-122.49239,41.500,2.6000,79.139,7.2150,96.000,1.0000,0.0000,1012.4
16:32:44 08/02/0024,37.767586,-122.49227,41.799,2.8000,79.050,7.2150,96.000,1.0000,0.0000,1012.3
16:32:45 08/02/0024,37.767605,-122.49221,41.700,2.9000,79.000,7.2100,96.000,1.0000,0.0000,1012.4
16:32:47 08/02/0024,37.767639,-122.49209,41.799,2.9000,78.989,7.2050,97.000,1.0000,0.0000,1012.3
16:32:48 08/02/0024,37.767654,-122.49203,41.500,3.0000,79.070,7.2000,97.000,1.0000,0.0000,1012.4
16:32:50 08/02/0024,37.767689,-122.49192,41.400,3.0000,79.139,7.2000,97.000,1.0000,0.0000,1012.3
16:32:52 08/02/0024,37.767723,-122.49179,41.599,3.1000,79.309,7.1950,97.000,1.0000,0.0000,1012.3
16:32:53 08/02/0024,37.767738,-122.49173,41.799,3.1000,79.529,7.1900,97.000,1.0000,0.0000,1012.4
16:32:55 08/02/0024,37.767773,-122.49160,41.799,3.2000,79.639,7.1900,97.000,1.0000,0.0000,1012.4
16:32:56 08/02/0024,37.767788,-122.49154,41.700,3.3000,79.870,7.1850,97.000,1.0000,0.0000,1012.4
16:32:58 08/02/0024,37.767822,-122.49141,41.799,3.3000,79.989,7.1800,97.000,1.0000,0.0000,1012.3
16:33:00 08/02/0024,37.767857,-122.49130,41.700,3.4000,80.199,7.1750,98.000,1.0000,0.0000,1012.4
16:33:01 08/02/0024,37.767876,-122.49124,41.900,3.5000,80.300,7.1750,98.000,1.0000,0.0000,1012.3
16:33:03 08/02/0024,37.767910,-122.49111,42.900,3.5000,80.510,7.1700,98.000,1.0000,0.0000,1012.3
16:33:04 08/02/0024,37.767929,-122.49105,43.299,3.5000,80.720,7.1650,99.000,1.0000,0.0000,1012.3
16:33:06 08/02/0024,37.767963,-122.49092,43.500,3.4000,80.820,7.1650,99.000,1.0000,0.0000,1012.3
16:33:07 08/02/0024,37.767982,-122.49088,43.599,3.4000,81.000,7.1600,100.00,1.0000,0.0000,1012.3
16:33:09 08/02/0024,37.768028,-122.49076,43.599,3.4000,81.070,7.1550,101.00,1.0000,0.0000,1012.3
16:33:11 08/02/0024,37.768082,-122.49066,43.700,3.4000,81.169,7.1550,102.00,1.0000,0.0000,1012.3
16:33:12 08/02/0024,37.768120,-122.49062,43.700,3.3000,81.290,7.1500,103.00,1.0000,0.0000,1012.3
16:33:14 08/02/0024,37.768200,-122.49053,43.700,3.2000,81.339,7.1450,103.00,1.0000,0.0000,1012.3
16:33:15 08/02/0024,37.768234,-122.49049,43.799,3.2000,81.419,7.1450,104.00,1.0000,0.0000,1012.3
16:33:17 08/02/0024,37.768318,-122.49043,43.900,3.2000,81.449,7.1400,105.00,1.0000,0.0000,1012.2
16:33:19 08/02/0024,37.768410,-122.49037,44.000,3.1000,81.519,7.1350,106.00,1.0000,0.0000,1012.3
16:33:20 08/02/0024,37.768459,-122.49035,44.099,3.1000,81.550,7.1350,107.00,1.0000,0.0000,1012.2
16:33:22 08/02/0024,37.768555,-122.49031,43.700,3.0000,81.620,7.1300,107.00,1.0000,0.0000,1012.2
16:33:23 08/02/0024,37.768597,-122.49030,43.700,2.9000,81.699,7.1250,108.00,1.0000,0.0000,1012.2
16:33:25 08/02/0024,37.768688,-122.49030,43.400,2.9000,81.739,7.1250,108.00,1.0000,0.0000,1012.2
16:33:27 08/02/0024,37.768768,-122.49031,43.299,2.8000,81.809,7.1200,109.00,1.0000,0.0000,1012.2
16:33:28 08/02/0024,37.768810,-122.49032,43.299,2.7000,81.849,7.1200,109.00,1.0000,0.0000,1012.2
16:33:30 08/02/0024,37.768894,-122.49037,43.700,2.6000,81.940,7.1150,110.00,1.0000,0.0000,1012.2
16:33:31 08/02/0024,37.768936,-122.49039,43.700,2.6000,82.059,7.1150,110.00,1.0000,0.0000,1012.2
16:33:33 08/02/0024,37.769024,-122.49044,43.799,2.6000,82.120,7.1100,110.00,1.0000,0.0000,1012.2
16:33:35 08/02/0024,37.769108,-122.49052,44.000,2.6000,82.260,7.1100,111.00,1.0000,0.0000,1012.2
16:33:36 08/02/0024,37.769142,-122.49056,43.900,2.6000,82.320,7.1100,111.00,1.0000,0.0000,1012.2
16:33:38 08/02/0024,37.769211,-122.49064,43.900,2.6000,82.480,7.1050,112.00,1.0000,0.0000,1012.2
16:33:39 08/02/0024,37.769241,-122.49070,43.799,2.6000,82.559,7.1050,112.00,1.0000,0.0000,1012.2
16:33:41 08/02/0024,37.769299,-122.49081,43.200,2.7000,82.669,7.1000,113.00,1.0000,0.0000,1012.2
16:33:43 08/02/0024,37.769341,-122.49092,41.799,2.7000,82.760,7.1000,114.00,1.0000,0.0000,1012.3
16:33:44 08/02/0024,37.769352,-122.49099,41.700,2.7000,82.800,7.0950,114.00,1.0000,0.0000,1012.3
16:33:46 08/02/0024,37.769363,-122.49113,41.200,2.6000,82.879,7.0950,115.00,1.0000,0.0000,1012.3
16:33:47 08/02/0024,37.769367,-122.49121,41.099,2.6000,82.919,7.0900,115.00,2.0000,0.0000,1012.3
16:33:49 08/02/0024,37.769363,-122.49135,41.200,2.5000,82.980,7.0900,116.00,2.0000,0.0000,1012.3
16:33:51 08/02/0024,37.769333,-122.49150,40.900,2.5000,83.070,7.0850,117.00,2.0000,0.0000,1012.4
16:33:52 08/02/0024,37.769314,-122.49157,41.000,2.5000,83.120,7.0850,118.00,2.0000,0.0000,1012.3
16:33:54 08/02/0024,37.769276,-122.49171,41.000,2.5000,83.199,7.0800,118.00,2.0000,0.0000,1012.4
16:33:55 08/02/0024,37.769253,-122.49177,41.000,2.6000,83.250,7.0800,119.00,2.0000,0.0000,1012.3
16:33:57 08/02/0024,37.769215,-122.49192,40.900,2.7000,83.330,7.0750,119.00,2.0000,0.0000,1012.4
16:33:59 08/02/0024,37.769173,-122.49205,40.799,3.0000,83.400,7.0750,119.00,2.0000,0.0000,1012.4
16:34:00 08/02/0024,37.769154,-122.49213,40.599,3.0000,83.459,7.0700,120.00,2.0000,0.0000,1012.4
16:34:02 08/02/0024,37.769115,-122.49226,40.200,3.1000,83.559,7.0700,120.00,2.0000,0.0000,1012.4
16:34:03 08/02/0024,37.769089,-122.49234,39.799,3.1000,83.620,7.0650,120.00,2.0000,0.0000,1012.4
16:34:05 08/02/0024,37.769047,-122.49247,39.500,3.2000,83.730,7.0650,120.00,2.0000,0.0000,1012.4
16:34:07 08/02/0024,37.769001,-122.49262,39.200,3.3000,83.769,7.0600,120.00,2.0000,0.0000,1012.4
16:34:08 08/02/0024,37.768982,-122.49268,39.400,3.4000,83.839,7.0600,120.00,2.0000,0.0000,1012.4
16:34:10 08/02/0024,37.768951,-122.49282,39.799,3.5000,83.980,7.0550,120.00,2.0000,0.0000,1012.4
16:34:11 08/02/0024,37.768925,-122.49288,39.900,3.5000,84.070,7.0550,120.00,2.0000,0.0000,1012.4
16:34:13 08/02/0024,37.768909,-122.49301,41.000,3.6000,84.260,7.0500,120.00,2.0000,0.0000,1012.5
16:34:15 08/02/0024,37.768955,-122.49309,41.799,3.7000,84.360,7.0500,120.00,2.0000,0.0000,1012.4
16:34:16 08/02/0024,37.768974,-122.49313,41.799,3.8000,84.550,7.0450,120.00,2.0000,0.0000,1012.5
16:34:18 08/02/0024,37.769035,-122.49318,41.799,3.8000,84.629,7.0450,121.00,2.0000,0.0000,1012.5
16:34:19 08/02/0024,37.769062,-122.49322,41.700,3.9000,84.629,7.0400,122.00,2.0000,0.0000,1012.5
16:34:21 08/02/0024,37.769135,-122.49330,42.099,3.9000,84.570,7.0400,124.00,2.0000,0.0000,1012.5
16:34:23 08/02/0024,37.769211,-122.49334,42.299,4.0000,84.529,7.0400,126.00,2.0000,0.0000,1012.6
16:34:24 08/02/0024,37.769215,-122.49337,42.599,4.0000,84.410,7.0350,129.00,2.0000,0.0000,1012.6
16:34:26 08/02/0024,37.769272,-122.49343,43.900,4.0000,84.320,7.0350,130.00,2.0000,0.0000,1012.6
16:34:27 08/02/0024,37.769291,-122.49351,44.599,4.0000,84.139,7.0300,132.00,2.0000,0.0000,1012.6
16:34:29 08/02/0024,37.769337,-122.49366,44.200,4.0000,83.930,7.0300,132.00,2.0000,0.0000,1012.6
16:34:31 08/02/0024,37.769402,-122.49375,43.299,3.9000,83.830,7.0300,132.00,2.0000,0.0000,1012.6
16:34:32 08/02/0024,37.769451,-122.49379,42.700,3.9000,83.620,7.0250,131.00,2.0000,0.0000,1012.6
16:34:34 08/02/0024,37.769550,-122.49386,42.400,3.8000,83.500,7.0250,130.00,2.0000,0.0000,1012.6
16:34:35 08/02/0024,37.769592,-122.49388,42.000,3.7000,83.279,7.0200,128.00,2.0000,0.0000,1012.5
16:34:37 08/02/0024,37.769676,-122.49392,42.000,3.6000,83.080,7.0200,127.00,2.0000,0.0000,1012.6
16:34:39 08/02/0024,37.769760,-122.49396,42.500,3.5000,82.989,7.0200,126.00,2.0000,0.0000,1012.5
16:34:40 08/02/0024,37.769798,-122.49398,43.000,3.3000,82.820,7.0150,124.00,2.0000,0.0000,1012.5
16:34:42 08/02/0024,37.769882,-122.49401,43.900,3.2000,82.720,7.0150,123.00,2.0000,0.0000,1012.6
16:34:43 08/02/0024,37.769928,-122.49402,44.000,3.0000,82.540,7.0100,122.00,2.0000,0.0000,1012.5
16:34:45 08/02/0024,37.770012,-122.49406,43.900,2.9000,82.470,7.0100,121.00,2.0000,0.0000,1012.5
16:34:47 08/02/0024,37.770092,-122.49405,43.900,2.9000,82.320,7.0050,120.00,2.0000,0.0000,1012.5
16:34:48 08/02/0024,37.770130,-122.49404,43.700,2.8000,82.199,7.0000,120.00,2.0000,0.0000,1012.4
16:34:50 08/02/0024,37.770176,-122.49395,43.299,2.8000,82.139,7.0000,119.00,2.0000,0.0000,1012.4
16:34:51 08/02/0024,37.770199,-122.49391,43.200,2.8000,82.050,6.9950,119.00,2.0000,0.0000,1012.4
16:34:53 08/02/0024,37.770241,-122.49383,43.400,2.8000,82.019,6.9950,119.00,2.0000,0.0000,1012.4
16:34:55 08/02/0024,37.770267,-122.49374,44.200,2.9000,81.949,6.9900,118.00,2.0000,0.0000,1012.4
16:34:56 08/02/0024,37.770279,-122.49369,44.200,3.0000,81.910,6.9900,118.00,2.0000,0.0000,1012.3
16:34:58 08/02/0024,37.770306,-122.49359,45.099,3.0000,81.889,6.9850,118.00,2.0000,0.0000,1012.3
16:34:59 08/02/0024,37.770325,-122.49355,45.200,3.1000,81.930,6.9800,118.00,2.0000,0.0000,1012.3
16:35:01 08/02/0024,37.770363,-122.49346,45.700,3.1000,81.980,6.9800,118.00,2.0000,0.0000,1012.3
16:35:03 08/02/0024,37.770386,-122.49337,46.400,3.3000,82.089,6.9750,118.00,2.0000,0.0000,1012.4
16:35:04 08/02/0024,37.770397,-122.49334,46.799,3.4000,82.250,6.9750,118.00,2.0000,0.0000,1012.4
16:35:06 08/02/0024,37.770420,-122.49324,47.200,3.4000,82.349,6.9700,118.00,2.0000,0.0000,1012.4
16:35:07 08/02/0024,37.770435,-122.49318,47.099,3.6000,82.559,6.9700,119.00,2.0000,0.0000,1012.4
16:35:09 08/02/0024,37.770458,-122.49307,46.099,3.6000,82.680,6.9650,119.00,2.0000,0.0000,1012.4
16:35:11 08/02/0024,37.770489,-122.49292,45.500,3.6000,82.919,6.9600,120.00,2.0000,0.0000,1012.5
16:35:12 08/02/0024,37.770523,-122.49283,45.500,3.6000,83.040,6.9600,121.00,2.0000,0.0000,1012.5
16:35:14 08/02/0024,37.770576,-122.49268,45.900,3.7000,83.220,6.9550,122.00,2.0000,0.0000,1012.5
16:35:15 08/02/0024,37.770603,-122.49260,46.200,3.7000,83.389,6.9500,123.00,2.0000,0.0000,1012.6
16:35:17 08/02/0024,37.770641,-122.49245,45.599,3.6000,83.449,6.9450,123.00,2.0000,0.0000,1012.6
16:35:19 08/02/0024,37.770679,-122.49228,45.099,3.6000,83.540,6.9400,124.00,2.0000,0.0000,1012.6
16:35:20 08/02/0024,37.770702,-122.49219,44.700,3.6000,83.550,6.9400,124.00,2.0000,0.0000,1012.6
16:35:22 08/02/0024,37.770748,-122.49202,44.000,3.6000,83.519,6.9350,125.00,2.0000,0.0000,1012.7
16:35:23 08/02/0024,37.770763,-122.49192,44.299,3.6000,83.489,6.9300,125.00,2.0000,0.0000,1012.6
16:35:25 08/02/0024,37.770798,-122.49176,44.400,3.5000,83.449,6.9250,125.00,2.0000,0.0000,1012.6
16:35:27 08/02/0024,37.770821,-122.49160,44.000,3.5000,83.400,6.9200,126.00,2.0000,0.0000,1012.7
16:35:28 08/02/0024,37.770840,-122.49150,43.599,3.5000,83.360,6.9150,126.00,2.0000,0.0000,1012.7
16:35:30 08/02/0024,37.770866,-122.49135,43.299,3.5000,83.300,6.9100,126.00,2.0000,0.0000,1012.6
16:35:31 08/02/0024,37.770882,-122.49128,43.099,3.5000,83.279,6.9050,127.00,2.0000,0.0000,1012.6
16:35:33 08/02/0024,37.770901,-122.49112,43.299,3.5000,83.290,6.9000,127.00,2.0000,0.0000,1012.6
16:35:35 08/02/0024,37.770924,-122.49099,43.299,3.4000,83.360,6.8950,127.00,2.0000,0.0000,1012.6
16:35:36 08/02/0024,37.770935,-122.49092,43.299,3.4000,83.430,6.8900,127.00,2.0000,0.0000,1012.6
16:35:38 08/02/0024,37.770943,-122.49079,43.900,3.3000,83.620,6.8850,129.00,2.0000,0.0000,1012.6
16:35:39 08/02/0024,37.770943,-122.49071,44.099,3.3000,83.739,6.8800,130.00,2.0000,0.0000,1012.6
16:35:41 08/02/0024,37.770939,-122.49056,44.500,3.4000,84.010,6.8700,133.00,2.0000,0.0000,1012.5
16:35:43 08/02/0024,37.770920,-122.49041,45.000,3.5000,84.339,6.8650,137.00,2.0000,0.0000,1012.5
16:35:44 08/02/0024,37.770916,-122.49034,45.099,3.6000,84.489,6.8600,139.00,2.0000,0.0000,1012.5
16:35:46 08/02/0024,37.770901,-122.49020,45.000,3.6000,84.769,6.8550,143.00,2.0000,0.0000,1012.5
16:35:47 08/02/0024,37.770897,-122.49013,45.000,3.7000,84.900,6.8500,145.00,2.0000,0.0000,1012.5
16:35:49 08/02/0024,37.770882,-122.48999,45.099,3.7000,85.120,6.8400,148.00,2.0000,0.0000,1012.5
16:35:51 08/02/0024,37.770863,-122.48984,45.099,3.8000,85.220,6.8350,150.00,2.0000,0.0000,1012.5
16:35:52 08/02/0024,37.770840,-122.48979,46.200,4.0000,85.389,6.8300,152.00,2.0000,0.0000,1012.4
16:35:54 08/02/0024,37.770813,-122.48965,46.799,4.2000,85.519,6.8200,153.00,2.0000,0.0000,1012.5
16:35:55 08/02/0024,37.770802,-122.48958,46.700,4.2000,85.580,6.8200,154.00,2.0000,0.0000,1012.4
16:35:57 08/02/0024,37.770782,-122.48943,46.599,4.4000,85.669,6.8100,154.00,2.0000,0.0000,1012.4
16:35:59 08/02/0024,37.770763,-122.48930,46.599,4.5000,85.699,6.8050,154.00,2.0000,0.0000,1012.4
16:36:00 08/02/0024,37.770760,-122.48922,46.700,4.5000,85.790,6.8000,154.00,2.0000,0.0000,1012.4
16:36:02 08/02/0024,37.770741,-122.48909,47.099,4.5000,85.879,6.7950,153.00,2.0000,0.0000,1012.4
16:36:03 08/02/0024,37.770737,-122.48901,46.500,4.5000,85.919,6.7900,153.00,2.0000,0.0000,1012.4
16:36:05 08/02/0024,37.770737,-122.48886,46.099,4.6000,86.000,6.7800,152.00,2.0000,0.0000,1012.4
16:36:07 08/02/0024,37.770733,-122.48873,46.099,4.6000,86.040,6.7800,151.00,2.0000,0.0000,1012.4
16:36:08 08/02/0024,37.770737,-122.48867,46.000,4.6000,86.120,6.7750,150.00,2.0000,0.0000,1012.3
16:36:10 08/02/0024,37.770737,-122.48854,46.000,4.6000,86.180,6.7650,149.00,2.0000,0.0000,1012.3
16:36:11 08/02/0024,37.770741,-122.48847,45.799,4.6000,86.209,6.7650,148.00,2.0000,0.0000,1012.3
16:36:13 08/02/0024,37.770748,-122.48834,46.000,4.6000,86.230,6.7600,147.00,2.0000,0.0000,1012.3
16:36:15 08/02/0024,37.770763,-122.48822,46.299,4.7000,86.250,6.7550,147.00,2.0000,0.0000,1012.3
16:36:16 08/02/0024,37.770775,-122.48815,46.700,4.6000,86.250,6.7500,145.00,2.0000,0.0000,1012.2
16:36:18 08/02/0024,37.770794,-122.48803,47.900,4.5000,86.239,6.7450,145.00,2.0000,0.0000,1012.2
16:36:19 08/02/0024,37.770802,-122.48797,48.400,4.5000,86.220,6.7400,144.00,2.0000,0.0000,1012.2
16:36:21 08/02/0024,37.770828,-122.48786,50.099,4.4000,86.199,6.7350,142.00,2.0000,0.0000,1012.2
16:36:23 08/02/0024,37.770836,-122.48773,50.700,4.4000,86.180,6.7350,142.00,2.0000,0.0000,1012.1
16:36:24 08/02/0024,37.770844,-122.48767,51.200,4.4000,86.129,6.7300,140.00,2.0000,0.0000,1012.2
16:36:26 08/02/0024,37.770851,-122.48754,51.599,4.3000,86.110,6.7250,139.00,2.0000,0.0000,1012.1
16:36:27 08/02/0024,37.770855,-122.48747,51.900,4.3000,86.070,6.7200,138.00,2.0000,0.0000,1012.1
16:36:29 08/02/0024,37.770851,-122.48735,52.700,4.3000,86.010,6.7150,136.00,2.0000,0.0000,1012.1
16:36:30 08/02/0024,37.770851,-122.48729,53.000,4.2000,85.980,6.7150,135.00,2.0000,0.0000,1012.0
16:36:32 08/02/0024,37.770851,-122.48718,53.299,4.1000,85.930,6.7100,134.00,2.0000,0.0000,1012.0
16:36:34 08/02/0024,37.770844,-122.48707,53.599,4.1000,85.919,6.7100,133.00,2.0000,0.0000,1012.0
16:36:35 08/02/0024,37.770832,-122.48701,53.700,4.1000,85.889,6.7050,132.00,2.0000,0.0000,1011.9
16:36:37 08/02/0024,37.770805,-122.48692,54.400,4.1000,85.889,6.7000,131.00,2.0000,0.0000,1011.9
16:36:38 08/02/0024,37.770794,-122.48687,54.799,4.1000,85.849,6.6950,131.00,2.0000,0.0000,1011.8
16:36:40 08/02/0024,37.770752,-122.48679,54.799,4.1000,85.830,6.6950,130.00,2.0000,0.0000,1011.8
16:36:42 08/02/0024,37.770718,-122.48669,54.700,4.1000,85.839,6.6900,130.00,2.0000,0.0000,1011.8
16:36:43 08/02/0024,37.770695,-122.48663,54.900,4.0000,85.849,6.6850,129.00,2.0000,0.0000,1011.7
16:36:45 08/02/0024,37.770657,-122.48652,54.900,4.0000,85.839,6.6850,129.00,2.0000,0.0000,1011.7
16:36:46 08/02/0024,37.770641,-122.48648,54.700,3.9000,85.870,6.6800,128.00,2.0000,0.0000,1011.7
16:36:48 08/02/0024,37.770607,-122.48639,53.700,4.0000,85.879,6.6750,128.00,2.0000,0.0000,1011.6
16:36:50 08/02/0024,37.770573,-122.48632,52.700,4.0000,85.889,6.6750,128.00,2.0000,0.0000,1011.6
16:36:51 08/02/0024,37.770557,-122.48628,53.099,3.9000,85.889,6.6700,127.00,2.0000,0.0000,1011.6
16:36:53 08/02/0024,37.770519,-122.48619,52.700,3.9000,85.910,6.6700,127.00,2.0000,0.0000,1011.6
16:36:54 08/02/0024,37.770493,-122.48616,52.099,4.0000,85.919,6.6650,126.00,2.0000,0.0000,1011.5
16:36:56 08/02/0024,37.770451,-122.48606,51.299,4.0000,85.930,6.6600,126.00,2.0000,0.0000,1011.5
16:36:58 08/02/0024,37.770412,-122.48599,51.299,3.9000,85.959,6.6600,126.00,2.0000,0.0000,1011.5
16:36:59 08/02/0024,37.770397,-122.48595,51.500,3.9000,85.989,6.6550,125.00,2.0000,0.0000,1011.4
16:37:01 08/02/0024,37.770351,-122.48588,51.599,3.9000,86.010,6.6550,125.00,2.0000,0.0000,1011.4
16:37:02 08/02/0024,37.770332,-122.48584,51.900,3.9000,86.050,6.6500,125.00,2.0000,0.0000,1011.3
16:37:04 08/02/0024,37.770287,-122.48578,52.700,3.8000,86.059,6.6500,125.00,2.0000,0.0000,1011.3
16:37:06 08/02/0024,37.770245,-122.48569,53.599,3.8000,86.089,6.6450,125.00,2.0000,0.0000,1011.2
16:37:07 08/02/0024,37.770218,-122.48565,53.900,3.8000,86.129,6.6450,124.00,2.0000,0.0000,1011.2
16:37:09 08/02/0024,37.770176,-122.48558,54.500,3.9000,86.150,6.6450,124.00,2.0000,0.0000,1011.2
16:37:10 08/02/0024,37.770153,-122.48554,54.700,3.9000,86.199,6.6400,124.00,2.0000,0.0000,1011.2
16:37:12 08/02/0024,37.770111,-122.48546,54.900,3.9000,86.230,6.6400,124.00,2.0000,0.0000,1011.1
16:37:14 08/02/0024,37.770069,-122.48539,55.299,4.0000,86.269,6.6350,123.00,2.0000,0.0000,1011.1
16:37:15 08/02/0024,37.770046,-122.48535,55.599,4.0000,86.309,6.6350,123.00,2.0000,0.0000,1011.1
16:37:17 08/02/0024,37.770016,-122.48526,55.799,4.1000,86.339,6.6300,123.00,2.0000,0.0000,1011.1
16:37:18 08/02/0024,37.770004,-122.48522,55.799,4.1000,86.400,6.6300,122.00,2.0000,0.0000,1011.0
16:37:20 08/02/0024,37.769997,-122.48510,57.099,4.1000,86.419,6.6300,122.00,2.0000,0.0000,1011.0
16:37:22 08/02/0024,37.769981,-122.48500,57.500,4.1000,86.470,6.6250,122.00,2.0000,0.0000,1011.0
16:37:23 08/02/0024,37.769974,-122.48497,57.500,4.2000,86.500,6.6250,121.00,2.0000,0.0000,1010.9
16:37:25 08/02/0024,37.769958,-122.48487,57.799,4.2000,86.580,6.6200,121.00,2.0000,0.0000,1011.0
16:37:26 08/02/0024,37.769958,-122.48482,58.099,4.2000,86.650,6.6200,120.00,2.0000,0.0000,1010.9
16:37:28 08/02/0024,37.769966,-122.48473,59.000,4.3000,86.699,6.6200,120.00,2.0000,0.0000,1010.9
16:37:30 08/02/0024,37.769974,-122.48463,59.400,4.3000,86.739,6.6150,120.00,2.0000,0.0000,1010.9
16:37:31 08/02/0024,37.769985,-122.48459,59.700,4.3000,86.769,6.6150,119.00,2.0000,0.0000,1010.9
16:37:33 08/02/0024,37.770004,-122.48448,60.700,4.3000,86.800,6.6100,119.00,2.0000,0.0000,1010.8
16:37:34 08/02/0024,37.770008,-122.48444,60.700,4.2000,86.839,6.6100,118.00,2.0000,0.0000,1010.9
16:37:36 08/02/0024,37.770031,-122.48432,60.900,4.2000,86.860,6.6100,118.00,2.0000,0.0000,1010.9
16:37:38 08/02/0024,37.770061,-122.48421,61.299,4.1000,86.900,6.6050,118.00,2.0000,0.0000,1010.9
16:37:39 08/02/0024,37.770073,-122.48416,61.599,4.1000,86.919,6.6050,118.00,2.0000,0.0000,1010.8
16:37:41 08/02/0024,37.770103,-122.48404,61.700,4.1000,86.989,6.6050,117.00,2.0000,0.0000,1010.8
16:37:42 08/02/0024,37.770123,-122.48397,61.200,4.1000,87.059,6.6000,117.00,2.0000,0.0000,1010.8
16:37:44 08/02/0024,37.770145,-122.48386,60.900,4.1000,87.070,6.6000,117.00,2.0000,0.0000,1010.8
16:37:46 08/02/0024,37.770161,-122.48373,61.400,4.1000,87.089,6.6000,117.00,2.0000,0.0000,1010.8
16:37:47 08/02/0024,37.770164,-122.48367,61.599,4.0000,87.099,6.6000,117.00,2.0000,0.0000,1010.8
16:37:49 08/02/0024,37.770168,-122.48354,62.200,4.0000,87.110,6.5950,116.00,2.0000,0.0000,1010.7
16:37:50 08/02/0024,37.770176,-122.48349,62.299,4.0000,87.129,6.5950,116.00,2.0000,0.0000,1010.7
16:37:52 08/02/0024,37.770168,-122.48335,63.599,4.0000,87.160,6.5950,116.00,2.0000,0.0000,1010.7
16:37:54 08/02/0024,37.770145,-122.48321,63.900,3.9000,87.220,6.5900,115.00,2.0000,0.0000,1010.6
16:37:55 08/02/0024,37.770130,-122.48313,63.700,3.9000,87.239,6.5900,115.00,2.0000,0.0000,1010.6
16:37:57 08/02/0024,37.770103,-122.48299,63.599,3.9000,87.309,6.5900,115.00,2.0000,0.0000,1010.6
16:37:58 08/02/0024,37.770092,-122.48293,63.200,3.8000,87.349,6.5850,115.00,2.0000,0.0000,1010.5
16:38:00 08/02/0024,37.770061,-122.48280,63.099,3.8000,87.459,6.5850,114.00,2.0000,0.0000,1010.5
16:38:02 08/02/0024,37.770031,-122.48267,62.900,3.8000,87.529,6.5850,114.00,2.0000,0.0000,1010.5
16:38:03 08/02/0024,37.770023,-122.48261,62.799,3.8000,87.559,6.5800,114.00,2.0000,0.0000,1010.4
16:38:05 08/02/0024,37.770008,-122.48250,62.299,3.7000,87.610,6.5800,114.00,2.0000,0.0000,1010.4
16:38:06 08/02/0024,37.770004,-122.48244,62.000,3.7000,87.629,6.5800,113.00,2.0000,0.0000,1010.4
16:38:08 08/02/0024,37.769989,-122.48233,61.200,3.6000,87.639,6.5750,113.00,2.0000,0.0000,1010.3
16:38:10 08/02/0024,37.769974,-122.48221,60.799,3.5000,87.629,6.5750,112.00,2.0000,0.0000,1010.3
16:38:11 08/02/0024,37.769974,-122.48216,60.599,3.5000,87.610,6.5750,112.00,2.0000,0.0000,1010.3
16:38:13 08/02/0024,37.769966,-122.48206,60.099,3.4000,87.540,6.5700,111.00,2.0000,0.0000,1010.2
16:38:14 08/02/0024,37.769966,-122.48201,59.900,3.3000,87.500,6.5700,110.00,2.0000,0.0000,1010.2
16:38:16 08/02/0024,37.769970,-122.48189,60.299,3.4000,87.440,6.5700,109.00,2.0000,0.0000,1010.1
16:38:18 08/02/0024,37.769978,-122.48180,61.500,3.4000,87.410,6.5700,108.00,2.0000,0.0000,1010.1
16:38:19 08/02/0024,37.769981,-122.48175,62.099,3.5000,87.330,6.5650,106.00,2.0000,0.0000,1010.1
16:38:21 08/02/0024,37.769989,-122.48165,62.900,3.5000,87.269,6.5650,104.00,2.0000,0.0000,1010.0
16:38:23 08/02/0024,37.770008,-122.48156,64.099,3.5000,87.250,6.5650,103.00,2.0000,0.0000,1010.0
16:38:24 08/02/0024,37.770023,-122.48152,64.599,3.5000,87.190,6.5600,100.00,2.0000,0.0000,1010.0
16:38:26 08/02/0024,37.770046,-122.48143,65.599,3.5000,87.150,6.5600,98.000,2.0000,0.0000,1009.9
16:38:27 08/02/0024,37.770054,-122.48139,65.900,3.4000,87.040,6.5600,95.000,2.0000,0.0000,1009.9
16:38:29 08/02/0024,37.770077,-122.48129,66.699,3.3000,86.949,6.5550,92.000,2.0000,0.0000,1009.9
16:38:31 08/02/0024,37.770092,-122.48120,67.199,3.3000,86.910,6.5550,91.000,2.0000,0.0000,1009.8
16:38:32 08/02/0024,37.770107,-122.48116,67.500,3.2000,86.830,6.5550,88.000,2.0000,0.0000,1009.8
16:38:34 08/02/0024,37.770142,-122.48108,68.599,3.2000,86.809,6.5500,87.000,2.0000,0.0000,1009.8
16:38:35 08/02/0024,37.770161,-122.48103,68.900,3.1000,86.750,6.5500,85.000,2.0000,0.0000,1009.7
16:38:37 08/02/0024,37.770187,-122.48095,70.199,3.1000,86.669,6.5500,83.000,2.0000,0.0000,1009.7
16:38:39 08/02/0024,37.770210,-122.48088,70.800,3.1000,86.639,6.5500,82.000,2.0000,0.0000,1009.6
16:38:40 08/02/0024,37.770218,-122.48084,70.800,3.1000,86.580,6.5450,80.000,2.0000,0.0000,1009.6
16:38:42 08/02/0024,37.770237,-122.48076,70.900,3.1000,86.550,6.5450,79.000,2.0000,0.0000,1009.5
16:38:43 08/02/0024,37.770248,-122.48072,71.099,3.1000,86.470,6.5450,78.000,2.0000,0.0000,1009.6
16:38:45 08/02/0024,37.770279,-122.48066,71.199,3.1000,86.459,6.5450,78.000,2.0000,0.0000,1009.5
16:38:47 08/02/0024,37.770302,-122.48059,71.400,3.1000,86.440,6.5400,77.000,2.0000,0.0000,1009.5
16:38:48 08/02/0024,37.770309,-122.48055,71.500,3.1000,86.459,6.5400,76.000,2.0000,0.0000,1009.4
16:38:50 08/02/0024,37.770313,-122.48047,70.500,3.1000,86.489,6.5400,76.000,2.0000,0.0000,1009.4
16:38:51 08/02/0024,37.770325,-122.48043,70.400,3.1000,86.529,6.5350,76.000,2.0000,0.0000,1009.3
16:38:53 08/02/0024,37.770344,-122.48036,70.300,3.1000,86.559,6.5350,76.000,2.0000,0.0000,1009.3
16:38:55 08/02/0024,37.770367,-122.48030,70.500,3.1000,86.620,6.5350,75.000,2.0000,0.0000,1009.2
16:38:56 08/02/0024,37.770367,-122.48027,70.400,3.1000,86.669,6.5350,75.000,2.0000,0.0000,1009.2
16:38:58 08/02/0024,37.770386,-122.48020,70.300,3.0000,86.690,6.5350,75.000,2.0000,0.0000,1009.2
16:38:59 08/02/0024,37.770397,-122.48016,70.500,3.0000,86.709,6.5300,74.000,2.0000,0.0000,1009.2
16:39:01 08/02/0024,37.770416,-122.48010,70.400,3.0000,86.730,6.5300,74.000,2.0000,0.0000,1009.1
16:39:03 08/02/0024,37.770432,-122.48004,70.400,3.0000,86.779,6.5300,73.000,2.0000,0.0000,1009.0
16:39:04 08/02/0024,37.770435,-122.48000,70.400,2.9000,86.839,6.5300,73.000,2.0000,0.0000,1009.0
16:39:06 08/02/0024,37.770458,-122.47991,70.599,2.9000,86.870,6.5300,74.000,2.0000,0.0000,1009.0
16:39:07 08/02/0024,37.770466,-122.47987,71.000,2.8000,86.930,6.5250,80.000,2.0000,0.0000,1008.9
16:39:09 08/02/0024,37.770500,-122.47979,71.400,2.8000,86.949,6.5250,84.000,2.0000,0.0000,1008.9
16:39:11 08/02/0024,37.770535,-122.47972,72.000,2.9000,87.019,6.5250,88.000,2.0000,0.0000,1008.9
16:39:12 08/02/0024,37.770554,-122.47969,72.400,2.9000,87.070,6.5250,89.000,2.0000,0.0000,1008.8
16:39:14 08/02/0024,37.770588,-122.47961,73.000,2.9000,87.110,6.5250,89.000,2.0000,0.0000,1008.8
16:39:15 08/02/0024,37.770607,-122.47957,73.199,3.0000,87.169,6.5200,89.000,2.0000,0.0000,1008.7
16:39:17 08/02/0024,37.770641,-122.47950,73.300,3.0000,87.180,6.5200,89.000,2.0000,0.0000,1008.7
16:39:19 08/02/0024,37.770664,-122.47943,74.000,2.9000,87.209,6.5200,89.000,2.0000,0.0000,1008.7
16:39:20 08/02/0024,37.770672,-122.47940,74.500,2.9000,87.230,6.5200,89.000,2.0000,0.0000,1008.6
16:39:22 08/02/0024,37.770687,-122.47933,75.099,2.9000,87.230,6.5200,88.000,2.0000,0.0000,1008.6
16:39:23 08/02/0024,37.770695,-122.47930,75.300,2.9000,87.230,6.5150,87.000,2.0000,0.0000,1008.5
16:39:25 08/02/0024,37.770706,-122.47923,75.699,2.9000,87.230,6.5150,86.000,2.0000,0.0000,1008.5
16:39:27 08/02/0024,37.770725,-122.47915,76.199,2.8000,87.230,6.5150,84.000,2.0000,0.0000,1008.5
16:39:28 08/02/0024,37.770737,-122.47911,76.500,2.8000,87.239,6.5150,83.000,2.0000,0.0000,1008.5
16:39:30 08/02/0024,37.770756,-122.47900,77.099,2.8000,87.239,6.5150,81.000,2.0000,0.0000,1008.4
16:39:31 08/02/0024,37.770763,-122.47896,77.500,2.8000,87.269,6.5150,78.000,2.0000,0.0000,1008.4
16:39:33 08/02/0024,37.770802,-122.47887,78.000,2.8000,87.269,6.5100,77.000,2.0000,0.0000,1008.4
16:39:35 08/02/0024,37.770832,-122.47879,78.599,2.8000,87.320,6.5100,75.000,2.0000,0.0000,1008.4
16:39:36 08/02/0024,37.770844,-122.47876,78.900,2.8000,87.339,6.5100,74.000,2.0000,0.0000,1008.3
16:39:38 08/02/0024,37.770916,-122.47868,80.099,2.8000,87.379,6.5100,71.000,2.0000,0.0000,1008.3
16:39:39 08/02/0024,37.770931,-122.47864,80.400,2.8000,87.419,6.5050,69.000,2.0000,0.0000,1008.3
16:39:41 08/02/0024,37.770981,-122.47855,81.099,2.7000,87.449,6.5050,68.000,2.0000,0.0000,1008.3
16:39:43 08/02/0024,37.771015,-122.47847,81.800,2.7000,87.489,6.5050,66.000,2.0000,0.0000,1008.3
16:39:44 08/02/0024,37.771030,-122.47843,82.099,2.7000,87.510,6.5050,66.000,2.0000,0.0000,1008.2
16:39:46 08/02/0024,37.771061,-122.47834,82.800,2.7000,87.540,6.5050,64.000,2.0000,0.0000,1008.2
16:39:47 08/02/0024,37.771084,-122.47829,83.199,2.7000,87.570,6.5000,63.000,2.0000,0.0000,1008.1
16:39:49 08/02/0024,37.771122,-122.47821,83.599,2.8000,87.580,6.5000,62.000,2.0000,0.0000,1008.1
16:39:51 08/02/0024,37.771160,-122.47811,84.000,2.8000,87.610,6.5000,60.000,2.0000,0.0000,1008.1
16:39:52 08/02/0024,37.771187,-122.47808,84.199,2.8000,87.620,6.5000,60.000,2.0000,0.0000,1008.1
16:39:54 08/02/0024,37.771221,-122.47798,85.000,2.8000,87.650,6.4950,59.000,2.0000,0.0000,1008.1
16:39:55 08/02/0024,37.771240,-122.47793,85.000,2.7000,87.680,6.4950,58.000,2.0000,0.0000,1008.1
16:39:57 08/02/0024,37.771271,-122.47783,85.300,2.8000,87.720,6.4950,57.000,2.0000,0.0000,1008.1
16:39:59 08/02/0024,37.771297,-122.47773,85.599,2.9000,87.750,6.4900,56.000,2.0000,0.0000,1008.1
16:40:00 08/02/0024,37.771313,-122.47768,85.400,3.0000,87.760,6.4900,56.000,2.0000,0.0000,1008.1
16:40:02 08/02/0024,37.771339,-122.47757,85.400,3.0000,87.779,6.4900,55.000,2.0000,0.0000,1008.1
16:40:03 08/02/0024,37.771347,-122.47750,85.099,3.0000,87.779,6.4900,55.000,2.0000,0.0000,1008.1
16:40:05 08/02/0024,37.771374,-122.47737,85.000,3.0000,87.800,6.4850,54.000,2.0000,0.0000,1008.1
16:40:07 08/02/0024,37.771412,-122.47723,84.800,3.0000,87.809,6.4850,53.000,2.0000,0.0000,1008.1
16:40:08 08/02/0024,37.771435,-122.47717,85.099,3.0000,87.820,6.4850,53.000,2.0000,0.0000,1008.2
16:40:10 08/02/0024,37.771507,-122.47700,84.300,3.1000,87.830,6.4800,53.000,2.0000,0.0000,1008.2
16:40:11 08/02/0024,37.771523,-122.47692,84.199,3.1000,87.830,6.4800,52.000,2.0000,0.0000,1008.2
16:40:13 08/02/0024,37.771561,-122.47679,83.800,3.1000,87.820,6.4800,52.000,2.0000,0.0000,1008.2
16:40:15 08/02/0024,37.771595,-122.47664,81.199,3.1000,87.820,6.4750,52.000,2.0000,0.0000,1008.2
16:40:16 08/02/0024,37.771606,-122.47658,80.500,3.1000,87.809,6.4750,52.000,2.0000,0.0000,1008.2
16:40:18 08/02/0024,37.771637,-122.47641,79.800,3.1000,87.779,6.4750,51.000,2.0000,0.0000,1008.2
16:40:20 08/02/0024,37.771656,-122.47625,79.599,3.0000,87.760,6.4700,51.000,2.0000,0.0000,1008.3
16:40:21 08/02/0024,37.771671,-122.47617,80.199,3.0000,87.720,6.4700,51.000,2.0000,0.0000,1008.3
16:40:23 08/02/0024,37.771687,-122.47600,80.699,3.0000,87.690,6.4700,50.000,2.0000,0.0000,1008.4
16:40:24 08/02/0024,37.771694,-122.47591,81.000,2.9000,87.639,6.4650,50.000,2.0000,0.0000,1008.3
16:40:26 08/02/0024,37.771683,-122.47575,80.500,2.9000,87.589,6.4600,49.000,2.0000,0.0000,1008.3
16:40:28 08/02/0024,37.771675,-122.47557,80.699,2.8000,87.570,6.4600,49.000,2.0000,0.0000,1008.4
16:40:29 08/02/0024,37.771675,-122.47547,80.800,2.8000,87.529,6.4550,48.000,2.0000,0.0000,1008.4
16:40:31 08/02/0024,37.771667,-122.47530,81.500,2.8000,87.519,6.4550,48.000,2.0000,0.0000,1008.4
16:40:32 08/02/0024,37.771656,-122.47521,82.000,2.8000,87.480,6.4500,48.000,2.0000,0.0000,1008.4
16:40:34 08/02/0024,37.771633,-122.47502,81.599,2.8000,87.459,6.4450,47.000,2.0000,0.0000,1008.4
16:40:36 08/02/0024,37.771576,-122.47485,81.199,2.9000,87.449,6.4450,47.000,2.0000,0.0000,1008.4
16:40:37 08/02/0024,37.771538,-122.47477,80.800,2.9000,87.440,6.4400,47.000,2.0000,0.0000,1008.4
16:40:39 08/02/0024,37.771469,-122.47460,81.000,2.9000,87.449,6.4350,47.000,2.0000,0.0000,1008.4
16:40:40 08/02/0024,37.771435,-122.47453,80.900,2.9000,87.489,6.4300,47.000,2.0000,0.0000,1008.4
16:40:42 08/02/0024,37.771374,-122.47438,80.699,3.0000,87.529,6.4250,47.000,2.0000,0.0000,1008.3
16:40:44 08/02/0024,37.771313,-122.47422,80.699,3.0000,87.540,6.4200,47.000,2.0000,0.0000,1008.3
16:40:45 08/02/0024,37.771278,-122.47415,80.599,3.0000,87.570,6.4150,47.000,2.0000,0.0000,1008.3
16:40:47 08/02/0024,37.771206,-122.47400,80.400,3.0000,87.589,6.4100,48.000,2.0000,0.0000,1008.3
16:40:48 08/02/0024,37.771175,-122.47394,80.199,3.0000,87.680,6.4050,49.000,2.0000,0.0000,1008.3
16:40:50 08/02/0024,37.771111,-122.47380,79.300,3.0000,87.720,6.4000,49.000,2.0000,0.0000,1008.3
16:40:52 08/02/0024,37.771053,-122.47366,78.500,2.9000,87.849,6.3950,50.000,2.0000,0.0000,1008.4
16:40:53 08/02/0024,37.771030,-122.47358,77.900,2.9000,87.970,6.3850,51.000,2.0000,0.0000,1008.4
16:40:55 08/02/0024,37.770981,-122.47345,77.400,2.9000,88.000,6.3850,51.000,2.0000,0.0000,1008.4
16:40:56 08/02/0024,37.770954,-122.47337,77.300,2.9000,88.019,6.3750,52.000,2.0000,0.0000,1008.4
16:40:58 08/02/0024,37.770901,-122.47320,77.500,2.9000,88.010,6.3750,52.000,2.0000,0.0000,1008.4
16:41:00 08/02/0024,37.770855,-122.47305,76.800,2.9000,87.959,6.3650,52.000,2.0000,0.0000,1008.5
16:41:01 08/02/0024,37.770824,-122.47296,76.699,2.9000,87.870,6.3600,51.000,2.0000,0.0000,1008.5
16:41:03 08/02/0024,37.770779,-122.47280,75.800,2.9000,87.820,6.3550,51.000,2.0000,0.0000,1008.5
16:41:04 08/02/0024,37.770760,-122.47271,75.800,3.0000,87.699,6.3500,51.000,2.0000,0.0000,1008.6
16:41:06 08/02/0024,37.770721,-122.47253,75.400,3.0000,87.629,6.3500,51.000,2.0000,0.0000,1008.6
16:41:08 08/02/0024,37.770687,-122.47237,74.800,3.1000,87.470,6.3400,50.000,2.0000,0.0000,1008.6
16:41:09 08/02/0024,37.770676,-122.47229,74.900,3.1000,87.290,6.3350,49.000,2.0000,0.0000,1008.7
16:41:11 08/02/0024,37.770641,-122.47211,74.800,3.0000,87.190,6.3300,49.000,2.0000,0.0000,1008.7
16:41:12 08/02/0024,37.770641,-122.47200,74.800,3.0000,86.980,6.3250,48.000,2.0000,0.0000,1008.8
16:41:14 08/02/0024,37.770683,-122.47179,74.800,3.0000,86.900,6.3200,48.000,2.0000,0.0000,1008.8
16:41:16 08/02/0024,37.770756,-122.47161,73.900,3.0000,86.709,6.3150,48.000,2.0000,0.0000,1009.0
16:41:17 08/02/0024,37.770802,-122.47151,73.500,3.0000,86.610,6.3100,47.000,2.0000,0.0000,1009.0
16:41:19 08/02/0024,37.770908,-122.47133,73.199,3.0000,86.430,6.3050,47.000,2.0000,0.0000,1009.0
16:41:20 08/02/0024,37.770958,-122.47126,73.199,3.0000,86.279,6.2950,46.000,2.0000,0.0000,1009.0
16:41:22 08/02/0024,37.771057,-122.47110,73.800,3.0000,86.220,6.2900,45.000,2.0000,0.0000,1009.0
16:41:24 08/02/0024,37.771152,-122.47094,73.900,3.1000,86.139,6.2850,45.000,2.0000,0.0000,1008.9
16:41:25 08/02/0024,37.771194,-122.47087,74.000,3.1000,86.129,6.2800,45.000,2.0000,0.0000,1008.9
16:41:27 08/02/0024,37.771263,-122.47073,74.599,3.1000,86.110,6.2700,45.000,2.0000,0.0000,1009.0
16:41:28 08/02/0024,37.771297,-122.47065,74.800,3.1000,86.050,6.2600,45.000,2.0000,0.0000,1008.9
16:41:30 08/02/0024,37.771381,-122.47052,74.599,3.1000,86.010,6.2550,45.000,2.0000,0.0000,1008.9
16:41:32 08/02/0024,37.771461,-122.47039,74.500,3.1000,85.959,6.2400,45.000,2.0000,0.0000,1008.9
16:41:33 08/02/0024,37.771500,-122.47033,74.500,3.1000,85.959,6.2350,44.000,2.0000,0.0000,1008.8
16:41:35 08/02/0024,37.771580,-122.47023,75.199,3.1000,85.970,6.2250,44.000,2.0000,0.0000,1008.7
16:41:36 08/02/0024,37.771618,-122.47018,76.099,3.1000,86.040,6.2100,44.000,2.0000,0.0000,1008.8
16:41:38 08/02/0024,37.771683,-122.47009,75.900,3.2000,86.080,6.2050,44.000,2.0000,0.0000,1008.7
16:41:40 08/02/0024,37.771755,-122.47000,76.599,3.2000,86.180,6.1900,44.000,2.0000,0.0000,1008.7
16:41:41 08/02/0024,37.771793,-122.46996,76.800,3.3000,86.250,6.1800,44.000,2.0000,0.0000,1008.7
16:41:43 08/02/0024,37.771843,-122.46988,76.900,3.3000,86.449,6.1700,44.000,2.0000,0.0000,1008.6
16:41:44 08/02/0024,37.771866,-122.46983,76.800,3.3000,86.660,6.1550,43.000,2.0000,0.0000,1008.6
16:41:46 08/02/0024,37.771923,-122.46975,77.199,3.4000,86.769,6.1450,43.000,2.0000,0.0000,1008.6
16:41:48 08/02/0024,37.771984,-122.46968,77.500,3.4000,87.019,6.1350,43.000,2.0000,0.0000,1008.6
16:41:49 08/02/0024,37.772018,-122.46964,77.800,3.4000,87.139,6.1250,43.000,2.0000,0.0000,1008.6
16:41:51 08/02/0024,37.772087,-122.46956,78.400,3.5000,87.410,6.1150,43.000,2.0000,0.0000,1008.5
16:41:52 08/02/0024,37.772114,-122.46952,78.500,3.5000,87.529,6.1050,44.000,2.0000,0.0000,1008.5
16:41:54 08/02/0024,37.772167,-122.46942,78.800,3.5000,87.809,6.0950,44.000,2.0000,0.0000,1008.5
16:41:56 08/02/0024,37.772221,-122.46932,78.199,3.5000,88.059,6.0850,44.000,2.0000,0.0000,1008.5
16:41:57 08/02/0024,37.772247,-122.46927,77.900,3.5000,88.180,6.0800,44.000,2.0000,0.0000,1008.5
16:41:59 08/02/0024,37.772289,-122.46917,78.000,3.4000,88.379,6.0700,45.000,2.0000,0.0000,1008.5
16:42:00 08/02/0024,37.772312,-122.46910,77.900,3.4000,88.470,6.0650,45.000,2.0000,0.0000,1008.5
16:42:02 08/02/0024,37.772339,-122.46900,77.800,3.4000,88.660,6.0550,45.000,2.0000,0.0000,1008.5
16:42:04 08/02/0024,37.772362,-122.46888,77.400,3.4000,88.790,6.0500,45.000,2.0000,0.0000,1008.5
16:42:05 08/02/0024,37.772377,-122.46882,76.900,3.4000,88.830,6.0450,45.000,2.0000,0.0000,1008.5
16:42:07 08/02/0024,37.772411,-122.46868,76.800,3.4000,88.860,6.0400,44.000,2.0000,0.0000,1008.5
16:42:08 08/02/0024,37.772427,-122.46862,77.099,3.4000,88.860,6.0350,44.000,2.0000,0.0000,1008.5
16:42:10 08/02/0024,37.772449,-122.46848,78.400,3.5000,88.790,6.0300,44.000,2.0000,0.0000,1008.5
16:42:12 08/02/0024,37.772472,-122.46832,80.099,3.5000,88.699,6.0300,43.000,2.0000,0.0000,1008.5
16:42:13 08/02/0024,37.772491,-122.46824,81.400,3.5000,88.669,6.0250,43.000,2.0000,0.0000,1008.5
16:42:15 08/02/0024,37.772511,-122.46810,82.199,3.6000,88.610,6.0200,42.000,2.0000,0.0000,1008.5
16:42:17 08/02/0024,37.772511,-122.46797,84.199,3.5000,88.599,6.0200,42.000,2.0000,0.0000,1008.5
16:42:18 08/02/0024,37.772518,-122.46788,85.400,3.5000,88.629,6.0150,42.000,2.0000,0.0000,1008.5
16:42:20 08/02/0024,37.772514,-122.46775,84.300,3.4000,88.629,6.0150,41.000,2.0000,0.0000,1008.5
16:42:21 08/02/0024,37.772518,-122.46767,84.099,3.4000,88.610,6.0150,41.000,2.0000,0.0000,1008.5
16:42:23 08/02/0024,37.772522,-122.46752,83.000,3.3000,88.599,6.0100,41.000,2.0000,0.0000,1008.5
16:42:25 08/02/0024,37.772518,-122.46737,82.300,3.3000,88.580,6.0100,41.000,2.0000,0.0000,1008.4
16:42:26 08/02/0024,37.772522,-122.46731,82.199,3.2000,88.540,6.0050,40.000,2.0000,0.0000,1008.5
16:42:28 08/02/0024,37.772526,-122.46716,81.099,3.2000,88.510,6.0050,40.000,2.0000,0.0000,1008.5
16:42:29 08/02/0024,37.772530,-122.46707,80.000,3.2000,88.449,6.0050,40.000,2.0000,0.0000,1008.5
16:42:31 08/02/0024,37.772537,-122.46691,79.400,3.2000,88.410,6.0000,40.000,2.0000,0.0000,1008.5
16:42:33 08/02/0024,37.772537,-122.46676,79.300,3.2000,88.389,6.0000,40.000,2.0000,0.0000,1008.5
16:42:34 08/02/0024,37.772537,-122.46669,79.099,3.2000,88.360,6.0000,39.000,2.0000,0.0000,1008.5
16:42:36 08/02/0024,37.772545,-122.46653,77.900,3.2000,88.370,6.0000,39.000,2.0000,0.0000,1008.6
16:42:37 08/02/0024,37.772549,-122.46646,77.199,3.2000,88.379,6.0000,39.000,2.0000,0.0000,1008.5
16:42:39 08/02/0024,37.772545,-122.46631,76.000,3.2000,88.400,5.9950,39.000,2.0000,0.0000,1008.6
16:42:41 08/02/0024,37.772552,-122.46616,75.400,3.2000,88.419,5.9950,39.000,2.0000,0.0000,1008.6
16:42:42 08/02/0024,37.772549,-122.46608,75.000,3.2000,88.449,5.9950,38.000,2.0000,0.0000,1008.6
16:42:44 08/02/0024,37.772549,-122.46593,74.199,3.2000,88.459,5.9950,38.000,2.0000,0.0000,1008.6
16:42:45 08/02/0024,37.772549,-122.46585,73.800,3.1000,88.489,5.9950,38.000,2.0000,0.0000,1008.6
16:42:47 08/02/0024,37.772537,-122.46570,73.599,3.1000,88.500,5.9950,38.000,2.0000,0.0000,1008.6
16:42:49 08/02/0024,37.772526,-122.46554,73.599,3.1000,88.529,5.9950,38.000,2.0000,0.0000,1008.7
16:42:50 08/02/0024,37.772530,-122.46546,74.000,3.2000,88.540,5.9950,38.000,2.0000,0.0000,1008.7
16:42:52 08/02/0024,37.772518,-122.46527,74.099,3.2000,88.550,5.9950,38.000,2.0000,0.0000,1008.6
16:42:53 08/02/0024,37.772511,-122.46520,73.699,3.3000,88.570,5.9900,38.000,2.0000,0.0000,1008.6
16:42:55 08/02/0024,37.772484,-122.46503,73.900,3.4000,88.589,5.9900,38.000,2.0000,0.0000,1008.6
16:42:57 08/02/0024,37.772457,-122.46488,73.800,3.5000,88.629,5.9900,38.000,2.0000,0.0000,1008.7
16:42:58 08/02/0024,37.772442,-122.46480,73.800,3.5000,88.690,5.9900,38.000,2.0000,0.0000,1008.7
16:43:00 08/02/0024,37.772411,-122.46465,73.500,3.6000,88.709,5.9900,38.000,2.0000,0.0000,1008.6
16:43:01 08/02/0024,37.772392,-122.46457,73.500,3.6000,88.779,5.9900,38.000,2.0000,0.0000,1008.7
16:43:03 08/02/0024,37.772362,-122.46442,73.199,3.6000,88.809,5.9900,38.000,2.0000,0.0000,1008.6
16:43:05 08/02/0024,37.772324,-122.46427,73.599,3.6000,88.889,5.9900,38.000,2.0000,0.0000,1008.7
16:43:06 08/02/0024,37.772308,-122.46421,73.800,3.6000,88.949,5.9900,38.000,2.0000,0.0000,1008.6
16:43:08 08/02/0024,37.772263,-122.46407,73.500,3.5000,88.970,5.9900,38.000,2.0000,0.0000,1008.6
16:43:09 08/02/0024,37.772243,-122.46399,73.699,3.5000,88.980,5.9850,38.000,2.0000,0.0000,1008.6
16:43:11 08/02/0024,37.772198,-122.46386,73.500,3.5000,88.980,5.9850,38.000,2.0000,0.0000,1008.6
16:43:13 08/02/0024,37.772167,-122.46373,73.900,3.7000,88.970,5.9850,38.000,2.0000,0.0000,1008.6
16:43:14 08/02/0024,37.772152,-122.46365,73.800,3.8000,88.940,5.9850,38.000,2.0000,0.0000,1008.6
16:43:16 08/02/0024,37.772121,-122.46353,74.000,3.8000,88.930,5.9850,38.000,2.0000,0.0000,1008.6
16:43:17 08/02/0024,37.772102,-122.46346,73.900,3.8000,88.940,5.9850,38.000,2.0000,0.0000,1008.6
16:43:19 08/02/0024,37.772064,-122.46333,73.900,3.7000,88.959,5.9850,38.000,2.0000,0.0000,1008.6
16:43:21 08/02/0024,37.772038,-122.46319,73.900,3.7000,89.019,5.9850,38.000,2.0000,0.0000,1008.6
16:43:22 08/02/0024,37.772015,-122.46312,73.800,3.7000,89.070,5.9850,38.000,2.0000,0.0000,1008.6
16:43:24 08/02/0024,37.771988,-122.46299,73.699,3.7000,89.199,5.9850,39.000,2.0000,0.0000,1008.6
16:43:25 08/02/0024,37.771969,-122.46292,73.599,3.7000,89.300,5.9850,39.000,2.0000,0.0000,1008.5
16:43:27 08/02/0024,37.771935,-122.46278,73.800,3.7000,89.309,5.9800,39.000,2.0000,0.0000,1008.5
16:43:29 08/02/0024,37.771912,-122.46265,74.400,3.6000,89.309,5.9800,39.000,2.0000,0.0000,1008.5
16:43:30 08/02/0024,37.771896,-122.46260,74.699,3.6000,89.300,5.9800,39.000,2.0000,0.0000,1008.5
16:43:32 08/02/0024,37.771873,-122.46248,75.300,3.7000,89.260,5.9800,39.000,2.0000,0.0000,1008.5
16:43:33 08/02/0024,37.771854,-122.46242,75.500,3.6000,89.239,5.9800,39.000,2.0000,0.0000,1008.6
16:43:35 08/02/0024,37.771812,-122.46227,75.500,3.6000,89.220,5.9800,39.000,2.0000,0.0000,1008.5
16:43:37 08/02/0024,37.771778,-122.46212,75.599,3.5000,89.220,5.9800,39.000,2.0000,0.0000,1008.5
16:43:38 08/02/0024,37.771770,-122.46205,75.199,3.5000,89.220,5.9800,40.000,2.0000,0.0000,1008.6
16:43:40 08/02/0024,37.771744,-122.46189,75.099,3.4000,89.260,5.9750,40.000,2.0000,0.0000,1008.5
16:43:41 08/02/0024,37.771736,-122.46183,75.300,3.4000,89.300,5.9750,40.000,2.0000,0.0000,1008.5
16:43:43 08/02/0024,37.771713,-122.46168,75.300,3.4000,89.290,5.9750,40.000,2.0000,0.0000,1008.5
16:43:45 08/02/0024,37.771683,-122.46154,75.000,3.4000,89.180,5.9750,40.000,2.0000,0.0000,1008.5
16:43:46 08/02/0024,37.771660,-122.46147,74.699,3.4000,89.089,5.9750,40.000,2.0000,0.0000,1008.5
16:43:48 08/02/0024,37.771633,-122.46134,74.500,3.4000,88.860,5.9750,40.000,2.0000,0.0000,1008.5
16:43:49 08/02/0024,37.771618,-122.46127,74.599,3.4000,88.739,5.9750,40.000,2.0000,0.0000,1008.5
16:43:51 08/02/0024,37.771595,-122.46113,74.599,3.4000,88.510,5.9700,39.000,2.0000,0.0000,1008.5
16:43:53 08/02/0024,37.771572,-122.46099,74.500,3.4000,88.309,5.9700,39.000,2.0000,0.0000,1008.5
16:43:54 08/02/0024,37.771564,-122.46093,74.599,3.3000,88.199,5.9700,39.000,2.0000,0.0000,1008.5
16:43:56 08/02/0024,37.771538,-122.46080,74.699,3.4000,88.029,5.9700,38.000,2.0000,0.0000,1008.5
16:43:57 08/02/0024,37.771534,-122.46072,74.500,3.4000,87.970,5.9700,38.000,2.0000,0.0000,1008.4
16:43:59 08/02/0024,37.771519,-122.46057,74.199,3.5000,87.879,5.9650,38.000,2.0000,0.0000,1008.5
16:44:01 08/02/0024,37.771496,-122.46042,74.199,3.5000,87.870,5.9650,38.000,2.0000,0.0000,1008.5
16:44:02 08/02/0024,37.771492,-122.46036,74.300,3.6000,87.900,5.9650,38.000,2.0000,0.0000,1008.5
16:44:04 08/02/0024,37.771477,-122.46019,74.400,3.5000,87.989,5.9650,38.000,2.0000,0.0000,1008.4
16:44:05 08/02/0024,37.771473,-122.46012,74.800,3.5000,88.040,5.9650,37.000,2.0000,0.0000,1008.5
16:44:07 08/02/0024,37.771439,-122.45996,73.699,3.5000,88.160,5.9650,37.000,2.0000,0.0000,1008.5
16:44:09 08/02/0024,37.771404,-122.45980,73.099,3.6000,88.260,5.9650,37.000,2.0000,0.0000,1008.4
16:44:10 08/02/0024,37.771393,-122.45972,73.000,3.5000,88.279,5.9600,37.000,2.0000,0.0000,1008.5
16:44:12 08/02/0024,37.771366,-122.45957,73.199,3.6000,88.309,5.9600,37.000,2.0000,0.0000,1008.4
16:44:13 08/02/0024,37.771355,-122.45949,73.199,3.6000,88.309,5.9600,37.000,2.0000,0.0000,1008.5
16:44:15 08/02/0024,37.771351,-122.45932,74.699,3.6000,88.290,5.9600,38.000,2.0000,0.0000,1008.5
16:44:17 08/02/0024,37.771336,-122.45916,75.199,3.6000,88.269,5.9600,38.000,2.0000,0.0000,1008.4
16:44:18 08/02/0024,37.771317,-122.45908,75.199,3.6000,88.230,5.9600,38.000,2.0000,0.0000,1008.5
16:44:20 08/02/0024,37.771294,-122.45894,74.500,3.5000,88.230,5.9600,38.000,2.0000,0.0000,1008.4
16:44:21 08/02/0024,37.771278,-122.45887,74.599,3.5000,88.239,5.9600,38.000,2.0000,0.0000,1008.5
16:44:23 08/02/0024,37.771244,-122.45871,74.000,3.5000,88.300,5.9550,38.000,2.0000,0.0000,1008.4
16:44:25 08/02/0024,37.771217,-122.45855,73.099,3.5000,88.339,5.9550,38.000,2.0000,0.0000,1008.5
16:44:26 08/02/0024,37.771206,-122.45848,73.000,3.5000,88.410,5.9550,39.000,2.0000,0.0000,1008.5
16:44:28 08/02/0024,37.771179,-122.45834,72.800,3.4000,88.500,5.9550,39.000,2.0000,0.0000,1008.5
16:44:29 08/02/0024,37.771164,-122.45826,72.800,3.4000,88.540,5.9550,39.000,2.0000,0.0000,1008.5
16:44:31 08/02/0024,37.771145,-122.45812,72.400,3.4000,88.639,5.9550,39.000,2.0000,0.0000,1008.5
16:44:33 08/02/0024,37.771130,-122.45797,72.000,3.4000,88.699,5.9550,39.000,2.0000,0.0000,1008.4
16:44:34 08/02/0024,37.771118,-122.45789,71.300,3.4000,88.800,5.9550,39.000,2.0000,0.0000,1008.4
16:44:36 08/02/0024,37.771099,-122.45774,71.099,3.3000,88.919,5.9550,39.000,2.0000,0.0000,1008.4
16:44:37 08/02/0024,37.771091,-122.45768,71.199,3.3000,88.980,5.9500,39.000,2.0000,0.0000,1008.4
16:44:39 08/02/0024,37.771069,-122.45753,71.400,3.3000,89.080,5.9500,39.000,2.0000,0.0000,1008.3
16:44:41 08/02/0024,37.771042,-122.45740,72.400,3.3000,89.120,5.9500,39.000,2.0000,0.0000,1008.3
16:44:42 08/02/0024,37.771030,-122.45732,72.400,3.3000,89.160,5.9500,39.000,2.0000,0.0000,1008.3
16:44:44 08/02/0024,37.771008,-122.45721,73.400,3.3000,89.150,5.9500,39.000,2.0000,0.0000,1008.3
16:44:46 08/02/0024,37.770988,-122.45711,74.300,3.4000,89.120,5.9500,39.000,2.0000,0.0000,1008.3
16:44:47 08/02/0024,37.770988,-122.45704,74.800,3.4000,89.080,5.9500,40.000,2.0000,0.0000,1008.3
16:44:49 08/02/0024,37.770977,-122.45694,75.699,3.4000,89.050,5.9500,40.000,2.0000,0.0000,1008.3
16:44:50 08/02/0024,37.770966,-122.45689,75.699,3.4000,89.050,5.9500,40.000,2.0000,0.0000,1008.3
16:44:52 08/02/0024,37.770939,-122.45679,75.900,3.4000,89.059,5.9500,40.000,2.0000,0.0000,1008.3
16:44:54 08/02/0024,37.770916,-122.45668,76.300,3.4000,89.110,5.9500,40.000,2.0000,0.0000,1008.3
16:44:55 08/02/0024,37.770912,-122.45661,76.500,3.4000,89.190,5.9500,40.000,2.0000,0.0000,1008.4
16:44:57 08/02/0024,37.770920,-122.45647,77.000,3.5000,89.239,5.9500,41.000,2.0000,0.0000,1008.4
16:44:58 08/02/0024,37.770920,-122.45641,77.500,3.5000,89.349,5.9500,41.000,2.0000,0.0000,1008.4
16:45:00 08/02/0024,37.770893,-122.45628,78.599,3.5000,89.370,5.9500,41.000,2.0000,0.0000,1008.4
16:45:02 08/02/0024,37.770870,-122.45615,78.699,3.6000,89.309,5.9500,41.000,2.0000,0.0000,1008.4
16:45:03 08/02/0024,37.770859,-122.45609,78.699,3.5000,89.169,5.9500,41.000,2.0000,0.0000,1008.4
16:45:05 08/02/0024,37.770840,-122.45596,78.599,3.5000,89.080,5.9500,41.000,2.0000,0.0000,1008.4
16:45:06 08/02/0024,37.770828,-122.45589,78.500,3.4000,88.900,5.9500,41.000,2.0000,0.0000,1008.4
16:45:08 08/02/0024,37.770813,-122.45577,78.400,3.3000,88.809,5.9500,41.000,2.0000,0.0000,1008.4
16:45:10 08/02/0024,37.770794,-122.45566,78.000,3.2000,88.660,5.9550,41.000,2.0000,0.0000,1008.5
16:45:11 08/02/0024,37.770779,-122.45562,77.900,3.2000,88.570,5.9550,41.000,2.0000,0.0000,1008.5
16:45:13 08/02/0024,37.770729,-122.45560,77.500,29.000,88.519,5.9550,41.000,2.0000,0.0000,1008.4
16:45:14 08/02/0024,37.770714,-122.45562,77.599,32.599,88.410,5.9550,41.000,2.0000,0.0000,1008.5
16:45:16 08/02/0024,37.770657,-122.45568,77.500,26.400,88.370,5.9550,41.000,2.0000,0.0000,1008.5
16:45:18 08/02/0024,37.770580,-122.45566,77.199,13.000,88.339,5.9550,41.000,2.0000,0.0000,1008.5
16:45:19 08/02/0024,37.770542,-122.45565,77.000,9.3000,88.339,5.9600,41.000,2.0000,0.0000,1008.5
16:45:21 08/02/0024,37.770458,-122.45562,76.699,6.3000,88.339,5.9600,41.000,2.0000,0.0000,1008.4
16:45:22 08/02/0024,37.770420,-122.45562,76.500,4.8000,88.349,5.9600,42.000,2.0000,0.0000,1008.5
16:45:24 08/02/0024,37.770367,-122.45557,76.199,4.6000,88.349,5.9600,42.000,2.0000,0.0000,1008.4
16:45:26 08/02/0024,37.770344,-122.45555,75.900,4.4000,88.349,5.9650,42.000,2.0000,0.0000,1008.5
16:45:27 08/02/0024,37.770340,-122.45553,75.800,4.4000,88.349,5.9650,42.000,2.0000,0.0000,1008.5
16:45:29 08/02/0024,37.770340,-122.45553,75.800,4.1000,88.330,5.9700,42.000,2.0000,0.0000,1008.5
16:45:30 08/02/0024,37.770344,-122.45552,76.099,3.6000,88.330,5.9700,42.000,2.0000,0.0000,1008.5
16:45:32 08/02/0024,37.770348,-122.45551,76.300,3.6000,88.330,5.9750,42.000,2.0000,0.0000,1008.5
16:45:34 08/02/0024,37.770348,-122.45551,76.199,3.5000,88.320,5.9750,42.000,2.0000,0.0000,1008.5
16:45:35 08/02/0024,37.770348,-122.45551,76.099,3.6000,88.320,5.9800,42.000,2.0000,0.0000,1008.5
16:45:37 08/02/0024,37.770348,-122.45551,76.099,3.6000,88.330,5.9850,42.000,2.0000,0.0000,1008.5
16:45:38 08/02/0024,37.770348,-122.45551,76.099,3.6000,88.330,5.9850,42.000,2.0000,0.0000,1008.4
16:45:40 08/02/0024,37.770344,-122.45551,76.099,3.7000,88.339,5.9900,42.000,2.0000,0.0000,1008.5
16:45:42 08/02/0024,37.770344,-122.45551,76.000,3.7000,88.339,5.9950,42.000,2.0000,0.0000,1008.5
16:45:43 08/02/0024,37.770344,-122.45551,76.000,3.7000,88.330,5.9950,42.000,2.0000,0.0000,1008.4
16:45:45 08/02/0024,37.770344,-122.45552,76.000,3.7000,88.320,6.0050,43.000,2.0000,0.0000,1008.4
16:45:46 08/02/0024,37.770340,-122.45552,76.000,3.7000,88.320,6.0050,43.000,2.0000,0.0000,1008.5
16:45:48 08/02/0024,37.770340,-122.45553,76.099,3.6000,88.309,6.0100,43.000,2.0000,0.0000,1008.5
16:45:50 08/02/0024,37.770336,-122.45553,76.099,3.6000,88.279,6.0200,43.000,2.0000,0.0000,1008.4
16:45:51 08/02/0024,37.770336,-122.45553,76.099,3.6000,88.279,6.0200,43.000,2.0000,0.0000,1008.5
16:45:53 08/02/0024,37.770329,-122.45555,76.099,3.5000,88.239,6.0300,43.000,2.0000,0.0000,1008.5
16:45:54 08/02/0024,37.770332,-122.45555,76.099,3.4000,88.209,6.0300,44.000,2.0000,0.0000,1008.5
16:45:56 08/02/0024,37.770329,-122.45555,76.099,3.3000,88.199,6.0400,44.000,2.0000,0.0000,1008.5
16:45:58 08/02/0024,37.770325,-122.45555,76.099,3.2000,88.199,6.0450,45.000,2.0000,0.0000,1008.5
16:45:59 08/02/0024,37.770325,-122.45555,76.099,3.1000,88.190,6.0500,45.000,2.0000,0.0000,1008.5
16:46:01 08/02/0024,37.770325,-122.45553,76.099,3.0000,88.169,6.0600,47.000,2.0000,0.0000,1008.4
16:46:02 08/02/0024,37.770325,-122.45553,76.099,3.0000,88.169,6.0650,48.000,2.0000,0.0000,1008.5
16:46:04 08/02/0024,37.770325,-122.45553,76.000,3.1000,88.180,6.0700,51.000,2.0000,0.0000,1008.5
16:46:06 08/02/0024,37.770325,-122.45553,76.000,3.2000,88.190,6.0800,53.000,2.0000,0.0000,1008.4
16:46:07 08/02/0024,37.770325,-122.45553,76.000,3.2000,88.190,6.0850,54.000,2.0000,0.0000,1008.5
16:46:09 08/02/0024,37.770329,-122.45553,76.000,3.2000,88.209,6.0950,55.000,2.0000,0.0000,1008.5
16:46:10 08/02/0024,37.770332,-122.45553,76.000,3.2000,88.209,6.1000,55.000,2.0000,0.0000,1008.4
16:46:12 08/02/0024,37.770329,-122.45555,76.000,3.3000,88.209,6.1100,56.000,2.0000,0.0000,1008.5
16:46:14 08/02/0024,37.770332,-122.45555,76.000,3.3000,88.220,6.1200,56.000,2.0000,0.0000,1008.5
16:46:15 08/02/0024,37.770329,-122.45555,76.000,3.3000,88.220,6.1300,58.000,2.0000,0.0000,1008.4
16:46:17 08/02/0024,37.770332,-122.45555,76.000,3.2000,88.209,6.1400,61.000,2.0000,0.0000,1008.5
16:46:18 08/02/0024,37.770329,-122.45555,76.000,3.2000,88.199,6.1450,62.000,2.0000,0.0000,1008.5
16:46:20 08/02/0024,37.770325,-122.45555,75.900,3.2000,88.199,6.1550,65.000,2.0000,0.0000,1008.5
16:46:22 08/02/0024,37.770325,-122.45555,75.900,3.3000,88.190,6.1600,66.000,2.0000,0.0000,1008.4
16:46:23 08/02/0024,37.770325,-122.45555,75.800,3.4000,88.180,6.1700,70.000,2.0000,0.0000,1008.5
16:46:25 08/02/0024,37.770325,-122.45555,75.800,3.6000,88.169,6.1800,74.000,2.0000,0.0000,1008.5
16:46:26 08/02/0024,37.770332,-122.45555,75.800,3.7000,88.169,6.1850,77.000,2.0000,0.0000,1008.5
16:46:28 08/02/0024,37.770332,-122.45555,75.800,3.7000,88.129,6.1950,82.000,2.0000,0.0000,1008.5
16:46:30 08/02/0024,37.770332,-122.45555,75.800,3.8000,88.110,6.2000,83.000,2.0000,0.0000,1008.5
16:46:31 08/02/0024,37.770332,-122.45553,75.800,3.8000,88.059,6.2100,86.000,2.0000,0.0000,1008.5
16:46:33 08/02/0024,37.770332,-122.45549,75.699,3.9000,88.000,6.2200,88.000,2.0000,0.0000,1008.5
16:46:35 08/02/0024,37.770332,-122.45542,75.699,3.9000,87.970,6.2250,88.000,2.0000,0.0000,1008.5
16:46:36 08/02/0024,37.770329,-122.45538,75.699,3.8000,87.919,6.2350,89.000,2.0000,0.0000,1008.4
16:46:38 08/02/0024,37.770313,-122.45532,75.699,3.8000,87.900,6.2400,89.000,2.0000,0.0000,1008.4
16:46:39 08/02/0024,37.770306,-122.45526,75.699,3.8000,87.879,6.2500,89.000,2.0000,0.0000,1008.4
16:46:41 08/02/0024,37.770275,-122.45519,75.699,3.8000,87.870,6.2500,88.000,2.0000,0.0000,1008.4
16:46:43 08/02/0024,37.770252,-122.45509,75.699,3.8000,87.820,6.2600,87.000,2.0000,0.0000,1008.3
16:46:44 08/02/0024,37.770237,-122.45505,75.800,3.7000,87.739,6.2700,85.000,2.0000,0.0000,1008.2
16:46:46 08/02/0024,37.770206,-122.45496,76.000,3.7000,87.680,6.2750,85.000,2.0000,0.0000,1008.2
16:46:47 08/02/0024,37.770203,-122.45491,76.099,3.6000,87.610,6.2850,83.000,2.0000,0.0000,1008.2
16:46:49 08/02/0024,37.770184,-122.45481,76.199,3.5000,87.589,6.2850,83.000,2.0000,0.0000,1008.1
16:46:51 08/02/0024,37.770164,-122.45473,76.500,3.5000,87.529,6.2950,82.000,2.0000,0.0000,1008.1
16:46:52 08/02/0024,37.770157,-122.45469,76.699,3.4000,87.449,6.3000,82.000,2.0000,0.0000,1008.0
16:46:54 08/02/0024,37.770126,-122.45460,77.199,3.4000,87.410,6.3050,81.000,2.0000,0.0000,1008.0
16:46:55 08/02/0024,37.770111,-122.45456,77.599,3.4000,87.330,6.3100,81.000,2.0000,0.0000,1008.0
16:46:57 08/02/0024,37.770092,-122.45447,78.199,3.5000,87.290,6.3150,81.000,2.0000,0.0000,1007.9
16:46:59 08/02/0024,37.770073,-122.45438,78.800,3.4000,87.220,6.3200,81.000,2.0000,0.0000,1007.8
16:47:00 08/02/0024,37.770065,-122.45434,79.199,3.4000,87.129,6.3200,81.000,2.0000,0.0000,1007.8
16:47:02 08/02/0024,37.770058,-122.45426,79.400,3.4000,87.080,6.3250,81.000,2.0000,0.0000,1007.8
16:47:03 08/02/0024,37.770054,-122.45423,79.900,3.3000,87.000,6.3300,80.000,2.0000,0.0000,1007.8
16:47:05 08/02/0024,37.770058,-122.45415,80.400,3.3000,86.949,6.3300,80.000,2.0000,0.0000,1007.8
16:47:07 08/02/0024,37.770061,-122.45407,80.699,3.2000,86.889,6.3350,80.000,2.0000,0.0000,1007.8
16:47:08 08/02/0024,37.770065,-122.45404,81.099,3.1000,86.839,6.3350,80.000,2.0000,0.0000,1007.8
16:47:10 08/02/0024,37.770065,-122.45397,81.199,3.1000,86.830,6.3350,80.000,2.0000,0.0000,1007.8
16:47:11 08/02/0024,37.770069,-122.45394,80.900,3.0000,86.809,6.3400,79.000,2.0000,0.0000,1007.8
16:47:13 08/02/0024,37.770077,-122.45392,80.199,3.0000,86.809,6.3400,79.000,2.0000,0.0000,1007.9
16:47:15 08/02/0024,37.770073,-122.45391,80.000,3.1000,86.809,6.3450,79.000,2.0000,0.0000,1007.9
16:47:16 08/02/0024,37.770077,-122.45391,79.900,3.2000,86.820,6.3450,79.000,2.0000,0.0000,1007.8
16:47:18 08/02/0024,37.770077,-122.45390,79.900,3.4000,86.820,6.3450,78.000,2.0000,0.0000,1007.9
16:47:19 08/02/0024,37.770077,-122.45390,80.000,3.5000,86.809,6.3500,78.000,2.0000,0.0000,1007.8
16:47:21 08/02/0024,37.770081,-122.45388,80.000,3.6000,86.809,6.3500,77.000,2.0000,0.0000,1007.9
16:47:23 08/02/0024,37.770088,-122.45388,80.300,3.7000,86.779,6.3550,77.000,2.0000,0.0000,1007.8
16:47:24 08/02/0024,37.770088,-122.45388,80.500,3.7000,86.769,6.3550,77.000,2.0000,0.0000,1007.9
16:47:26 08/02/0024,37.770096,-122.45387,80.800,3.6000,86.739,6.3600,76.000,2.0000,0.0000,1007.8
16:47:27 08/02/0024,37.770100,-122.45387,81.000,3.6000,86.730,6.3650,75.000,2.0000,0.0000,1007.8
16:47:29 08/02/0024,37.770096,-122.45383,81.199,3.5000,86.730,6.3650,75.000,2.0000,0.0000,1007.8
16:47:31 08/02/0024,37.770100,-122.45375,82.599,3.5000,86.690,6.3700,74.000,2.0000,0.0000,1007.8
16:47:32 08/02/0024,37.770107,-122.45373,82.599,3.6000,86.680,6.3700,74.000,2.0000,0.0000,1007.8
16:47:34 08/02/0024,37.770126,-122.45366,82.699,3.6000,86.660,6.3750,74.000,2.0000,0.0000,1007.8
16:47:35 08/02/0024,37.770134,-122.45362,82.900,3.7000,86.660,6.3750,73.000,2.0000,0.0000,1007.8
16:47:37 08/02/0024,37.770142,-122.45352,83.300,3.8000,86.650,6.3800,73.000,2.0000,0.0000,1007.8
16:47:39 08/02/0024,37.770157,-122.45343,83.800,3.9000,86.610,6.3850,72.000,2.0000,0.0000,1007.8
16:47:40 08/02/0024,37.770161,-122.45337,84.099,4.0000,86.580,6.3850,72.000,2.0000,0.0000,1007.8
16:47:42 08/02/0024,37.770168,-122.45326,84.500,4.1000,86.570,6.3900,71.000,2.0000,0.0000,1007.8
16:47:43 08/02/0024,37.770184,-122.45319,84.800,4.1000,86.570,6.3900,71.000,2.0000,0.0000,1007.8
16:47:45 08/02/0024,37.770226,-122.45307,85.800,4.1000,86.540,6.3950,71.000,2.0000,0.0000,1007.8
16:47:47 08/02/0024,37.770264,-122.45292,87.199,4.1000,86.510,6.4000,70.000,2.0000,0.0000,1007.8
16:47:48 08/02/0024,37.770275,-122.45286,87.699,4.2000,86.500,6.4050,70.000,2.0000,0.0000,1007.8
16:47:50 08/02/0024,37.770290,-122.45275,88.699,4.3000,86.449,6.4100,69.000,2.0000,0.0000,1007.8
16:47:51 08/02/0024,37.770294,-122.45268,89.000,4.3000,86.430,6.4100,69.000,2.0000,0.0000,1007.7
16:47:53 08/02/0024,37.770306,-122.45256,89.800,4.5000,86.349,6.4150,68.000,2.0000,0.0000,1007.8
16:47:55 08/02/0024,37.770290,-122.45245,89.400,4.7000,86.250,6.4200,68.000,2.0000,0.0000,1007.8
16:47:56 08/02/0024,37.770302,-122.45239,89.699,4.9000,86.209,6.4250,68.000,2.0000,0.0000,1007.8
16:47:58 08/02/0024,37.770309,-122.45226,90.199,5.1000,86.120,6.4250,67.000,2.0000,0.0000,1007.8
16:47:59 08/02/0024,37.770302,-122.45220,90.599,5.2000,86.080,6.4300,67.000,2.0000,0.0000,1007.8
16:48:01 08/02/0024,37.770321,-122.45207,91.099,5.4000,85.980,6.4300,67.000,2.0000,0.0000,1007.8
16:48:03 08/02/0024,37.770359,-122.45192,91.500,5.5000,85.919,6.4350,67.000,2.0000,0.0000,1007.8
16:48:04 08/02/0024,37.770397,-122.45185,90.599,5.5000,85.860,6.4350,67.000,2.0000,0.0000,1007.8
16:48:06 08/02/0024,37.770412,-122.45172,91.099,5.6000,85.739,6.4400,66.000,2.0000,0.0000,1007.8
16:48:07 08/02/0024,37.770424,-122.45166,91.500,5.5000,85.690,6.4400,66.000,2.0000,0.0000,1007.7
16:48:09 08/02/0024,37.770439,-122.45152,92.099,5.5000,85.570,6.4400,66.000,2.0000,0.0000,1007.8
16:48:11 08/02/0024,37.770458,-122.45137,92.699,5.6000,85.500,6.4450,66.000,2.0000,0.0000,1007.8
16:48:12 08/02/0024,37.770473,-122.45131,93.000,5.6000,85.379,6.4450,65.000,2.0000,0.0000,1007.8
16:48:14 08/02/0024,37.770489,-122.45118,93.400,5.7000,85.300,6.4450,65.000,2.0000,0.0000,1007.8
16:48:15 08/02/0024,37.770485,-122.45112,93.599,5.8000,85.279,6.4450,65.000,2.0000,0.0000,1007.8
16:48:17 08/02/0024,37.770493,-122.45098,94.099,5.9000,85.250,6.4450,64.000,2.0000,0.0000,1007.8
16:48:19 08/02/0024,37.770519,-122.45082,94.500,6.0000,85.260,6.4450,64.000,2.0000,0.0000,1007.8
16:48:20 08/02/0024,37.770531,-122.45075,94.599,6.2000,85.279,6.4500,64.000,2.0000,0.0000,1007.8
16:48:22 08/02/0024,37.770542,-122.45061,95.000,6.3000,85.309,6.4500,63.000,2.0000,0.0000,1007.8
16:48:23 08/02/0024,37.770561,-122.45053,95.400,6.3000,85.339,6.4500,63.000,2.0000,0.0000,1007.8
16:48:25 08/02/0024,37.770584,-122.45037,95.300,6.2000,85.419,6.4500,63.000,2.0000,0.0000,1007.8
16:48:27 08/02/0024,37.770603,-122.45024,95.400,6.1000,85.459,6.4500,62.000,2.0000,0.0000,1007.8
16:48:28 08/02/0024,37.770615,-122.45016,95.500,5.9000,85.519,6.4500,62.000,2.0000,0.0000,1007.9
16:48:30 08/02/0024,37.770630,-122.45001,95.800,5.8000,85.559,6.4500,62.000,2.0000,0.0000,1007.9
16:48:31 08/02/0024,37.770638,-122.44993,95.800,5.8000,85.570,6.4500,61.000,2.0000,0.0000,1007.9
16:48:33 08/02/0024,37.770653,-122.44976,95.699,5.6000,85.559,6.4500,61.000,2.0000,0.0000,1008.0
16:48:35 08/02/0024,37.770676,-122.44958,95.300,5.5000,85.550,6.4500,61.000,2.0000,0.0000,1008.0
16:48:36 08/02/0024,37.770702,-122.44948,95.000,5.3000,85.510,6.4500,60.000,2.0000,0.0000,1008.1
16:48:38 08/02/0024,37.770741,-122.44929,94.699,5.2000,85.470,6.4500,60.000,2.0000,0.0000,1008.1
16:48:39 08/02/0024,37.770752,-122.44920,94.800,5.0000,85.410,6.4500,60.000,2.0000,0.0000,1008.1
16:48:41 08/02/0024,37.770782,-122.44903,95.199,4.8000,85.360,6.4500,59.000,2.0000,0.0000,1008.1
16:48:43 08/02/0024,37.770802,-122.44888,95.500,4.7000,85.360,6.4500,59.000,2.0000,0.0000,1008.2
16:48:44 08/02/0024,37.770813,-122.44883,95.599,4.6000,85.339,6.4500,59.000,2.0000,0.0000,1008.1
16:48:46 08/02/0024,37.770836,-122.44870,95.800,4.6000,85.339,6.4500,59.000,2.0000,0.0000,1008.2
16:48:47 08/02/0024,37.770844,-122.44863,96.000,4.7000,85.330,6.4500,58.000,2.0000,0.0000,1008.1
16:48:49 08/02/0024,37.770847,-122.44850,95.800,4.8000,85.349,6.4500,58.000,2.0000,0.0000,1008.2
16:48:51 08/02/0024,37.770855,-122.44834,95.699,4.9000,85.379,6.4500,58.000,2.0000,0.0000,1008.2
16:48:52 08/02/0024,37.770859,-122.44828,95.699,4.9000,85.410,6.4500,58.000,2.0000,0.0000,1008.2
16:48:54 08/02/0024,37.770882,-122.44814,95.500,5.0000,85.440,6.4500,58.000,2.0000,0.0000,1008.2
16:48:55 08/02/0024,37.770897,-122.44806,95.400,5.1000,85.489,6.4500,57.000,2.0000,0.0000,1008.2
16:48:57 08/02/0024,37.770920,-122.44791,94.900,5.3000,85.550,6.4500,57.000,2.0000,0.0000,1008.2
16:48:59 08/02/0024,37.770943,-122.44776,94.500,5.4000,85.580,6.4500,57.000,2.0000,0.0000,1008.2
16:49:00 08/02/0024,37.770958,-122.44769,94.300,5.6000,85.650,6.4500,57.000,2.0000,0.0000,1008.2
16:49:02 08/02/0024,37.770977,-122.44754,93.900,5.7000,85.699,6.4500,57.000,2.0000,0.0000,1008.2
16:49:04 08/02/0024,37.770985,-122.44741,93.699,5.9000,85.739,6.4500,57.000,2.0000,0.0000,1008.2
16:49:05 08/02/0024,37.770988,-122.44735,93.199,6.1000,85.750,6.4500,57.000,2.0000,0.0000,1008.3
16:49:07 08/02/0024,37.770988,-122.44725,92.699,6.7000,85.790,6.4500,57.000,2.0000,0.0000,1008.2
16:49:08 08/02/0024,37.770992,-122.44722,92.599,7.5000,85.790,6.4500,57.000,2.0000,0.0000,1008.2
16:49:10 08/02/0024,37.771011,-122.44711,92.300,7.8000,85.790,6.4500,57.000,2.0000,0.0000,1008.2
16:49:12 08/02/0024,37.770996,-122.44702,91.099,9.0000,85.809,6.4500,57.000,2.0000,0.0000,1008.2
16:49:13 08/02/0024,37.771004,-122.44696,91.000,10.300,85.820,6.4500,57.000,2.0000,0.0000,1008.2
16:49:15 08/02/0024,37.771030,-122.44683,90.900,11.100,85.839,6.4500,57.000,2.0000,0.0000,1008.2
16:49:16 08/02/0024,37.771034,-122.44677,90.699,11.000,85.849,6.4500,57.000,2.0000,0.0000,1008.2
16:49:18 08/02/0024,37.771053,-122.44664,90.400,10.800,85.870,6.4500,57.000,2.0000,0.0000,1008.2
16:49:20 08/02/0024,37.771072,-122.44650,90.500,10.300,85.889,6.4550,57.000,2.0000,0.0000,1008.2
16:49:21 08/02/0024,37.771080,-122.44644,90.400,10.000,85.889,6.4550,57.000,2.0000,0.0000,1008.2
16:49:23 08/02/0024,37.771103,-122.44629,90.500,9.5000,85.900,6.4550,57.000,2.0000,0.0000,1008.2
16:49:24 08/02/0024,37.771122,-122.44623,90.400,9.1000,85.910,6.4550,57.000,2.0000,0.0000,1008.2
16:49:26 08/02/0024,37.771141,-122.44612,90.099,8.9000,85.919,6.4550,57.000,2.0000,0.0000,1008.2
16:49:28 08/02/0024,37.771164,-122.44601,89.699,8.5000,85.940,6.4550,57.000,2.0000,0.0000,1008.2
16:49:29 08/02/0024,37.771164,-122.44596,89.699,8.2000,85.949,6.4550,57.000,2.0000,0.0000,1008.2
16:49:31 08/02/0024,37.771179,-122.44586,89.699,7.8000,85.970,6.4550,58.000,2.0000,0.0000,1008.2
16:49:32 08/02/0024,37.771194,-122.44580,89.800,7.3000,85.980,6.4600,58.000,2.0000,0.0000,1008.2
16:49:34 08/02/0024,37.771206,-122.44569,89.900,7.1000,86.000,6.4600,58.000,2.0000,0.0000,1008.2
16:49:36 08/02/0024,37.771214,-122.44558,89.199,6.7000,86.010,6.4600,58.000,2.0000,0.0000,1008.2
16:49:56 08/02/0024,37.771355,-122.44431,88.199,4.8000,85.809,6.4750,59.000,2.0000,0.0000,1008.1
16:49:57 08/02/0024,37.771358,-122.44425,88.000,4.9000,85.750,6.4750,59.000,2.0000,0.0000,1008.1
16:49:59 08/02/0024,37.771378,-122.44412,88.099,5.0000,85.620,6.4750,59.000,2.0000,0.0000,1008.1
16:50:01 08/02/0024,37.771404,-122.44397,88.400,5.0000,85.550,6.4750,59.000,2.0000,0.0000,1008.1
16:50:02 08/02/0024,37.771416,-122.44391,88.599,5.1000,85.440,6.4800,59.000,2.0000,0.0000,1008.1
16:50:04 08/02/0024,37.771435,-122.44378,88.199,5.1000,85.330,6.4800,59.000,2.0000,0.0000,1008.1
16:50:05 08/02/0024,37.771450,-122.44371,88.300,5.1000,85.279,6.4800,59.000,2.0000,0.0000,1008.1
16:50:07 08/02/0024,37.771469,-122.44358,87.900,5.1000,85.199,6.4800,59.000,2.0000,0.0000,1008.1
16:50:09 08/02/0024,37.771507,-122.44342,86.000,5.1000,85.190,6.4800,59.000,2.0000,0.0000,1008.1
16:50:10 08/02/0024,37.771519,-122.44334,86.000,5.0000,85.169,6.4850,59.000,2.0000,0.0000,1008.1
16:50:12 08/02/0024,37.771530,-122.44319,86.099,5.1000,85.169,6.4850,59.000,2.0000,0.0000,1008.0
16:50:13 08/02/0024,37.771523,-122.44313,85.300,5.1000,85.150,6.4850,59.000,2.0000,0.0000,1008.0
16:50:15 08/02/0024,37.771526,-122.44300,85.000,5.1000,85.129,6.4850,59.000,2.0000,0.0000,1008.0
16:50:17 08/02/0024,37.771538,-122.44289,85.199,5.0000,85.099,6.4850,59.000,2.0000,0.0000,1008.0
16:50:18 08/02/0024,37.771542,-122.44282,84.900,4.9000,85.040,6.4850,58.000,2.0000,0.0000,1008.0
16:50:20 08/02/0024,37.771549,-122.44268,84.199,4.8000,84.940,6.4900,58.000,2.0000,0.0000,1008.0
16:50:21 08/02/0024,37.771553,-122.44262,84.000,4.7000,84.900,6.4900,58.000,2.0000,0.0000,1008.0
16:50:23 08/02/0024,37.771564,-122.44245,84.500,4.6000,84.809,6.4900,58.000,2.0000,0.0000,1007.9
16:50:25 08/02/0024,37.771564,-122.44234,84.500,4.6000,84.760,6.4900,58.000,2.0000,0.0000,1007.9
16:50:26 08/02/0024,37.771576,-122.44225,84.900,4.5000,84.699,6.4900,58.000,2.0000,0.0000,1008.0
16:50:28 08/02/0024,37.771584,-122.44212,84.000,4.5000,84.669,6.4900,58.000,2.0000,0.0000,1008.0
16:50:29 08/02/0024,37.771595,-122.44204,84.199,4.5000,84.639,6.4900,58.000,2.0000,0.0000,1008.0
16:50:31 08/02/0024,37.771618,-122.44191,84.800,4.5000,84.620,6.4900,58.000,2.0000,0.0000,1008.1
16:50:33 08/02/0024,37.771637,-122.44176,85.300,4.5000,84.599,6.4900,58.000,2.0000,0.0000,1008.1
16:50:34 08/02/0024,37.771645,-122.44168,85.300,4.4000,84.559,6.4900,58.000,2.0000,0.0000,1008.1
16:50:36 08/02/0024,37.771671,-122.44153,85.599,4.4000,84.529,6.4900,58.000,2.0000,0.0000,1008.2
16:50:37 08/02/0024,37.771675,-122.44146,85.900,4.4000,84.440,6.4900,58.000,2.0000,0.0000,1008.2
16:50:39 08/02/0024,37.771706,-122.44127,85.199,4.4000,84.389,6.4950,58.000,2.0000,0.0000,1008.2
16:50:41 08/02/0024,37.771729,-122.44112,84.800,4.3000,84.370,6.4950,58.000,2.0000,0.0000,1008.3
16:50:42 08/02/0024,37.771736,-122.44104,84.699,4.3000,84.339,6.4950,58.000,2.0000,0.0000,1008.3
16:50:44 08/02/0024,37.771751,-122.44091,84.500,4.3000,84.320,6.4950,58.000,2.0000,0.0000,1008.3
16:50:45 08/02/0024,37.771755,-122.44084,84.300,4.3000,84.279,6.4950,58.000,2.0000,0.0000,1008.3
16:50:47 08/02/0024,37.771774,-122.44070,84.500,4.4000,84.250,6.4950,58.000,2.0000,0.0000,1008.3
16:50:49 08/02/0024,37.771782,-122.44055,84.199,4.5000,84.220,6.4950,58.000,2.0000,0.0000,1008.3
16:50:50 08/02/0024,37.771786,-122.44048,83.699,4.5000,84.199,6.4950,58.000,2.0000,0.0000,1008.4
16:50:52 08/02/0024,37.771801,-122.44034,83.400,4.5000,84.199,6.4950,58.000,2.0000,0.0000,1008.4
16:50:53 08/02/0024,37.771816,-122.44026,83.099,4.5000,84.230,6.4950,58.000,2.0000,0.0000,1008.4
16:50:55 08/02/0024,37.771839,-122.44011,82.699,4.7000,84.290,6.4950,58.000,2.0000,0.0000,1008.5
16:50:57 08/02/0024,37.771858,-122.43996,82.199,4.7000,84.309,6.4950,58.000,2.0000,0.0000,1008.5
16:50:58 08/02/0024,37.771896,-122.43985,79.900,4.7000,84.360,6.4950,58.000,2.0000,0.0000,1008.5
16:51:00 08/02/0024,37.771912,-122.43970,79.699,4.7000,84.379,6.4950,58.000,2.0000,0.0000,1008.5
16:51:01 08/02/0024,37.771923,-122.43962,79.599,4.7000,84.419,6.4950,58.000,2.0000,0.0000,1008.6
16:51:03 08/02/0024,37.771954,-122.43949,80.099,4.7000,84.430,6.4950,58.000,2.0000,0.0000,1008.6
16:51:05 08/02/0024,37.771973,-122.43933,79.699,4.7000,84.430,6.4950,58.000,2.0000,0.0000,1008.6
16:51:06 08/02/0024,37.771980,-122.43927,79.300,4.7000,84.400,6.4950,59.000,2.0000,0.0000,1008.7
16:51:08 08/02/0024,37.771999,-122.43911,78.900,4.7000,84.400,6.4950,59.000,2.0000,0.0000,1008.7
16:51:39 08/02/0024,37.772194,-122.43745,61.299,5.0000,83.989,6.5050,60.000,2.0000,0.0000,1010.6
16:51:41 08/02/0024,37.772198,-122.43743,60.500,5.0000,84.010,6.5050,60.000,2.0000,0.0000,1010.6
16:51:43 08/02/0024,37.772194,-122.43742,60.500,4.9000,84.050,6.5050,60.000,2.0000,0.0000,1010.6
16:51:44 08/02/0024,37.772198,-122.43742,60.400,4.9000,84.089,6.5100,60.000,2.0000,0.0000,1010.6
16:51:46 08/02/0024,37.772194,-122.43741,60.200,4.8000,84.150,6.5100,60.000,2.0000,0.0000,1010.6
16:51:47 08/02/0024,37.772182,-122.43741,60.099,4.7000,84.209,6.5100,60.000,2.0000,0.0000,1010.6
16:51:49 08/02/0024,37.772179,-122.43741,59.900,4.7000,84.250,6.5150,60.000,2.0000,0.0000,1010.6
16:51:51 08/02/0024,37.772179,-122.43741,59.799,4.6000,84.320,6.5150,60.000,2.0000,0.0000,1010.6
16:51:52 08/02/0024,37.772179,-122.43741,59.700,4.6000,84.330,6.5200,60.000,2.0000,0.0000,1010.6
16:51:54 08/02/0024,37.772171,-122.43741,59.599,4.6000,84.370,6.5250,60.000,2.0000,0.0000,1010.6
16:51:55 08/02/0024,37.772171,-122.43741,59.400,4.6000,84.379,6.5250,61.000,2.0000,0.0000,1010.6
16:51:57 08/02/0024,37.772167,-122.43741,59.299,4.6000,84.410,6.5300,95.000,2.0000,0.0000,1010.6
16:51:59 08/02/0024,37.772171,-122.43741,59.400,4.6000,84.470,6.5350,132.00,2.0000,0.0000,1010.6
16:52:00 08/02/0024,37.772171,-122.43740,59.400,4.6000,84.480,6.5400,149.00,2.0000,0.0000,1010.6
16:52:02 08/02/0024,37.772171,-122.43738,59.500,4.6000,84.540,6.5450,181.00,2.0000,0.0000,1010.6
16:52:03 08/02/0024,37.772179,-122.43734,59.299,4.6000,84.559,6.5450,196.00,2.0000,0.0000,1010.6
16:52:05 08/02/0024,37.772190,-122.43727,59.099,4.6000,84.610,6.5550,223.00,2.0000,0.0000,1010.6
16:52:07 08/02/0024,37.772213,-122.43718,59.000,4.7000,84.669,6.5650,244.00,2.0000,0.0000,1010.7
16:52:08 08/02/0024,37.772224,-122.43711,58.900,4.7000,84.669,6.5650,253.00,2.0000,0.0000,1010.7
16:52:10 08/02/0024,37.772247,-122.43700,58.500,4.7000,84.690,6.5750,265.00,2.0000,0.0000,1010.8
16:52:11 08/02/0024,37.772251,-122.43694,58.200,4.6000,84.690,6.5800,268.00,2.0000,0.0000,1010.8
16:52:13 08/02/0024,37.772270,-122.43679,57.500,4.5000,84.660,6.5900,269.00,2.0000,0.0000,1010.9
16:52:15 08/02/0024,37.772297,-122.43660,56.900,4.4000,84.599,6.6000,265.00,2.0000,0.0000,1011.0
16:52:16 08/02/0024,37.772312,-122.43653,56.500,4.4000,84.550,6.6050,262.00,2.0000,0.0000,1011.0
16:52:18 08/02/0024,37.772335,-122.43634,56.000,4.4000,84.440,6.6150,253.00,2.0000,0.0000,1011.2
16:52:19 08/02/0024,37.772350,-122.43624,55.799,4.4000,84.370,6.6200,248.00,2.0000,0.0000,1011.2
16:52:21 08/02/0024,37.772362,-122.43608,55.400,4.5000,84.250,6.6300,238.00,2.0000,0.0000,1011.3
16:52:23 08/02/0024,37.772377,-122.43591,54.799,4.5000,84.139,6.6400,229.00,2.0000,0.0000,1011.3
16:52:24 08/02/0024,37.772392,-122.43583,54.599,4.5000,84.089,6.6450,224.00,2.0000,0.0000,1011.3
16:52:26 08/02/0024,37.772381,-122.43569,54.200,4.5000,83.989,6.6550,214.00,2.0000,0.0000,1011.4
16:52:27 08/02/0024,37.772358,-122.43564,54.299,4.5000,83.930,6.6600,209.00,2.0000,0.0000,1011.4
16:52:29 08/02/0024,37.772270,-122.43562,54.599,4.5000,83.790,6.6650,200.00,2.0000,0.0000,1011.5
16:52:31 08/02/0024,37.772167,-122.43560,54.500,4.5000,83.699,6.6700,196.00,2.0000,0.0000,1011.5
16:52:32 08/02/0024,37.772114,-122.43558,54.400,4.6000,83.510,6.6750,187.00,2.0000,0.0000,1011.5
16:52:34 08/02/0024,37.771999,-122.43557,54.500,4.7000,83.309,6.6800,178.00,2.0000,0.0000,1011.6
16:52:36 08/02/0024,37.771893,-122.43554,54.599,4.8000,83.209,6.6850,174.00,2.0000,0.0000,1011.6
16:52:37 08/02/0024,37.771843,-122.43553,54.599,5.1000,83.000,6.6900,166.00,2.0000,0.0000,1011.6
16:52:39 08/02/0024,37.771763,-122.43550,54.400,5.2000,82.900,6.6950,163.00,2.0000,0.0000,1011.7
16:52:40 08/02/0024,37.771698,-122.43547,54.200,5.3000,82.739,6.7000,156.00,2.0000,0.0000,1011.6
16:52:42 08/02/0024,37.771637,-122.43540,54.099,5.4000,82.629,6.7000,150.00,2.0000,0.0000,1011.7
16:52:44 08/02/0024,37.771595,-122.43528,53.900,5.5000,82.589,6.7050,148.00,2.0000,0.0000,1011.7
16:52:45 08/02/0024,37.771599,-122.43522,53.900,5.5000,82.550,6.7100,143.00,2.0000,0.0000,1011.7
16:52:47 08/02/0024,37.771610,-122.43511,53.500,5.6000,82.540,6.7100,141.00,2.0000,0.0000,1011.8
