TimeStamp,Latitude,Longitude,Altitude,PM25,RelativeHumidity,Temperature,vocIndex,noxIndex,ButtonPress,PressurehPa
16:52:48 08/02/0024,37.771610,-122.43504,53.400,5.5000,82.510,6.7150,133.00,2.0000,0.0000,1011.8
16:52:52 08/02/0024,37.771610,-122.43475,53.500,5.5000,82.510,6.7150,132.00,2.0000,0.0000,1011.9
16:52:53 08/02/0024,37.771622,-122.43467,53.500,5.4000,82.529,6.7200,131.00,2.0000,0.0000,1011.9
16:52:55 08/02/0024,37.771656,-122.43450,53.599,5.2000,82.519,6.7250,130.00,2.0000,0.0000,1011.9
16:52:57 08/02/0024,37.771667,-122.43435,53.500,5.1000,82.500,6.7250,129.00,2.0000,0.0000,1012.0
16:52:58 08/02/0024,37.771671,-122.43428,53.400,4.9000,82.489,6.7250,128.00,2.0000,0.0000,1012.1
16:53:00 08/02/0024,37.771690,-122.43412,53.299,4.9000,82.480,6.7250,127.00,2.0000,0.0000,1012.1
16:53:01 08/02/0024,37.771698,-122.43405,53.299,4.7000,82.480,6.7300,126.00,2.0000,0.0000,1012.1
16:53:03 08/02/0024,37.771736,-122.43388,53.500,4.6000,82.459,6.7300,125.00,2.0000,0.0000,1012.1
16:53:05 08/02/0024,37.771721,-122.43376,53.299,4.5000,82.459,6.7350,124.00,2.0000,0.0000,1012.2
16:53:06 08/02/0024,37.771675,-122.43373,53.099,4.4000,82.440,6.7350,122.00,2.0000,0.0000,1012.2
16:53:08 08/02/0024,37.771557,-122.43367,52.500,4.3000,82.430,6.7350,121.00,2.0000,0.0000,1012.2
16:53:09 08/02/0024,37.771500,-122.43366,52.500,4.4000,82.400,6.7400,119.00,2.0000,0.0000,1012.2
16:53:11 08/02/0024,37.771400,-122.43362,52.599,4.4000,82.389,6.7400,117.00,2.0000,0.0000,1012.3
16:53:13 08/02/0024,37.771297,-122.43360,52.799,4.5000,82.360,6.7450,115.00,2.0000,0.0000,1012.2
16:53:14 08/02/0024,37.771252,-122.43360,52.799,4.6000,82.330,6.7450,112.00,2.0000,0.0000,1012.3
16:53:16 08/02/0024,37.771168,-122.43357,52.799,4.6000,82.290,6.7450,111.00,2.0000,0.0000,1012.3
16:53:17 08/02/0024,37.771118,-122.43357,52.900,4.5000,82.139,6.7500,108.00,2.0000,0.0000,1012.3
16:53:19 08/02/0024,37.771004,-122.43354,52.900,4.4000,82.050,6.7500,106.00,2.0000,0.0000,1012.3
16:53:21 08/02/0024,37.770905,-122.43348,52.900,4.3000,81.830,6.7550,104.00,2.0000,0.0000,1012.3
16:53:22 08/02/0024,37.770885,-122.43343,52.900,4.3000,81.610,6.7550,103.00,2.0000,0.0000,1012.3
16:53:24 08/02/0024,37.770897,-122.43331,52.799,4.2000,81.500,6.7550,102.00,2.0000,0.0000,1012.3
16:53:25 08/02/0024,37.770889,-122.43326,52.400,4.1000,81.330,6.7600,101.00,2.0000,0.0000,1012.4
16:53:27 08/02/0024,37.770901,-122.43313,52.200,4.0000,81.260,6.7600,101.00,2.0000,0.0000,1012.4
16:53:29 08/02/0024,37.770920,-122.43302,52.200,4.3000,81.139,6.7650,100.00,2.0000,0.0000,1012.4
16:53:30 08/02/0024,37.770920,-122.43296,51.900,4.7000,81.099,6.7650,100.00,2.0000,0.0000,1012.4
16:53:32 08/02/0024,37.770912,-122.43284,51.700,5.4000,81.059,6.7700,100.00,2.0000,0.0000,1012.5
16:53:33 08/02/0024,37.770916,-122.43279,51.700,5.6000,81.059,6.7700,100.00,2.0000,0.0000,1012.5
16:53:35 08/02/0024,37.770927,-122.43269,52.099,5.7000,81.080,6.7700,100.00,2.0000,0.0000,1012.5
16:53:37 08/02/0024,37.770943,-122.43258,52.400,5.6000,81.139,6.7750,99.000,2.0000,0.0000,1012.5
16:53:38 08/02/0024,37.770950,-122.43252,52.400,5.6000,81.199,6.7750,99.000,2.0000,0.0000,1012.5
16:53:40 08/02/0024,37.770962,-122.43238,52.700,5.4000,81.360,6.7800,99.000,2.0000,0.0000,1012.6
16:53:41 08/02/0024,37.770973,-122.43232,52.700,5.3000,81.570,6.7800,99.000,2.0000,0.0000,1012.6
16:53:43 08/02/0024,37.770981,-122.43218,52.299,5.2000,81.669,6.7800,99.000,2.0000,0.0000,1012.6
16:53:45 08/02/0024,37.770988,-122.43203,52.000,5.1000,81.820,6.7850,99.000,2.0000,0.0000,1012.6
16:53:46 08/02/0024,37.770981,-122.43198,52.000,5.0000,81.870,6.7850,99.000,2.0000,0.0000,1012.6
16:53:48 08/02/0024,37.770924,-122.43190,51.900,4.8000,81.930,6.7900,99.000,2.0000,0.0000,1012.6
16:53:49 08/02/0024,37.770893,-122.43190,52.000,4.7000,81.959,6.7900,99.000,2.0000,0.0000,1012.6
16:53:51 08/02/0024,37.770798,-122.43184,52.099,4.6000,81.970,6.7900,99.000,2.0000,0.0000,1012.7
16:53:53 08/02/0024,37.770649,-122.43179,51.700,4.5000,82.000,6.7950,99.000,2.0000,0.0000,1012.7
16:53:54 08/02/0024,37.770596,-122.43178,51.799,4.4000,82.010,6.7950,99.000,2.0000,0.0000,1012.8
16:53:56 08/02/0024,37.770512,-122.43175,52.000,4.3000,82.010,6.7950,99.000,2.0000,0.0000,1012.8
16:53:57 08/02/0024,37.770470,-122.43173,52.200,4.3000,81.980,6.8000,99.000,2.0000,0.0000,1012.8
16:53:59 08/02/0024,37.770344,-122.43171,52.400,4.2000,81.910,6.8000,99.000,2.0000,0.0000,1012.8
16:54:01 08/02/0024,37.770226,-122.43169,52.299,4.1000,81.839,6.8050,99.000,2.0000,0.0000,1012.9
16:54:02 08/02/0024,37.770157,-122.43170,51.900,4.1000,81.820,6.8050,99.000,2.0000,0.0000,1012.9
16:54:04 08/02/0024,37.770046,-122.43170,51.599,4.0000,81.779,6.8050,99.000,2.0000,0.0000,1012.9
16:54:05 08/02/0024,37.770008,-122.43169,51.500,4.0000,81.769,6.8100,99.000,2.0000,0.0000,1012.9
16:54:07 08/02/0024,37.769859,-122.43161,50.099,4.0000,81.760,6.8100,99.000,2.0000,0.0000,1012.9
16:54:09 08/02/0024,37.769737,-122.43158,50.099,3.9000,81.760,6.8150,99.000,2.0000,0.0000,1013.0
16:54:10 08/02/0024,37.769688,-122.43158,50.000,3.9000,81.739,6.8150,99.000,2.0000,0.0000,1013.0
16:54:12 08/02/0024,37.769611,-122.43156,49.599,3.8000,81.690,6.8200,98.000,2.0000,0.0000,1013.0
16:54:13 08/02/0024,37.769581,-122.43156,49.299,3.8000,81.650,6.8200,98.000,2.0000,0.0000,1013.0
16:54:15 08/02/0024,37.769543,-122.43156,48.700,3.7000,81.580,6.8250,98.000,2.0000,0.0000,1013.0
16:54:17 08/02/0024,37.769482,-122.43156,48.700,3.7000,81.540,6.8250,98.000,2.0000,0.0000,1013.0
16:54:18 08/02/0024,37.769470,-122.43154,48.700,3.8000,81.449,6.8250,98.000,2.0000,0.0000,1013.0
16:54:20 08/02/0024,37.769402,-122.43148,48.700,3.8000,81.400,6.8300,98.000,2.0000,0.0000,1013.1
16:54:21 08/02/0024,37.769360,-122.43146,48.700,3.8000,81.360,6.8350,98.000,2.0000,0.0000,1013.1
16:54:23 08/02/0024,37.769283,-122.43141,48.599,3.8000,81.260,6.8350,98.000,2.0000,0.0000,1013.1
16:54:25 08/02/0024,37.769207,-122.43137,48.400,3.8000,81.209,6.8400,98.000,2.0000,0.0000,1013.1
16:54:26 08/02/0024,37.769157,-122.43137,48.599,3.7000,81.089,6.8400,98.000,2.0000,0.0000,1013.1
16:54:28 08/02/0024,37.769073,-122.43137,48.799,3.6000,81.010,6.8450,98.000,2.0000,0.0000,1013.1
16:54:29 08/02/0024,37.769020,-122.43138,48.799,3.6000,80.970,6.8500,98.000,2.0000,0.0000,1013.2
16:54:31 08/02/0024,37.768917,-122.43138,48.599,3.4000,80.900,6.8500,98.000,2.0000,0.0000,1013.2
16:54:33 08/02/0024,37.768845,-122.43137,48.500,3.4000,80.879,6.8550,97.000,2.0000,0.0000,1013.2
16:54:34 08/02/0024,37.768818,-122.43137,48.500,3.4000,80.870,6.8600,97.000,2.0000,0.0000,1013.2
16:54:36 08/02/0024,37.768757,-122.43132,48.700,3.4000,80.870,6.8600,97.000,2.0000,0.0000,1013.2
16:54:37 08/02/0024,37.768734,-122.43133,48.700,3.4000,80.889,6.8650,97.000,2.0000,0.0000,1013.2
16:54:39 08/02/0024,37.768707,-122.43132,49.200,3.4000,80.910,6.8700,97.000,2.0000,0.0000,1013.2
16:54:41 08/02/0024,37.768677,-122.43132,50.000,3.4000,80.930,6.8700,97.000,2.0000,0.0000,1013.3
16:54:42 08/02/0024,37.768665,-122.43131,50.200,3.5000,80.970,6.8750,97.000,2.0000,0.0000,1013.3
16:54:44 08/02/0024,37.768654,-122.43131,50.500,3.5000,81.000,6.8800,97.000,2.0000,0.0000,1013.3
16:54:45 08/02/0024,37.768654,-122.43131,50.599,3.6000,81.019,6.8850,96.000,2.0000,0.0000,1013.3
16:54:47 08/02/0024,37.768650,-122.43129,50.700,3.7000,81.029,6.8900,96.000,2.0000,0.0000,1013.3
16:54:49 08/02/0024,37.768639,-122.43129,51.000,3.8000,81.040,6.8900,96.000,2.0000,0.0000,1013.3
16:54:50 08/02/0024,37.768631,-122.43129,51.099,3.9000,81.040,6.8950,95.000,2.0000,0.0000,1013.3
16:54:52 08/02/0024,37.768597,-122.43128,51.400,4.0000,81.050,6.9000,95.000,2.0000,0.0000,1013.3
16:54:53 08/02/0024,37.768578,-122.43126,51.400,4.0000,81.080,6.9050,95.000,2.0000,0.0000,1013.3
16:54:55 08/02/0024,37.768539,-122.43126,51.400,4.0000,81.080,6.9100,94.000,2.0000,0.0000,1013.3
16:54:57 08/02/0024,37.768478,-122.43125,51.599,4.0000,81.080,6.9150,94.000,2.0000,0.0000,1013.3
16:54:58 08/02/0024,37.768444,-122.43125,51.700,4.0000,81.059,6.9200,93.000,2.0000,0.0000,1013.4
16:55:00 08/02/0024,37.768368,-122.43125,51.900,4.0000,81.059,6.9250,92.000,2.0000,0.0000,1013.4
16:55:01 08/02/0024,37.768330,-122.43125,52.000,4.0000,81.050,6.9300,91.000,2.0000,0.0000,1013.4
16:55:03 08/02/0024,37.768238,-122.43124,52.200,4.1000,81.040,6.9350,91.000,2.0000,0.0000,1013.4
16:55:05 08/02/0024,37.768147,-122.43122,52.500,4.1000,81.040,6.9450,90.000,2.0000,0.0000,1013.4
16:55:06 08/02/0024,37.768101,-122.43122,52.599,4.1000,81.000,6.9500,90.000,2.0000,0.0000,1013.4
16:55:08 08/02/0024,37.768021,-122.43122,53.000,4.1000,80.989,6.9550,90.000,2.0000,0.0000,1013.5
16:55:09 08/02/0024,37.767979,-122.43122,53.200,4.1000,80.959,6.9600,89.000,2.0000,0.0000,1013.5
16:55:11 08/02/0024,37.767902,-122.43122,53.500,4.0000,80.930,6.9650,89.000,2.0000,0.0000,1013.5
16:55:13 08/02/0024,37.767841,-122.43124,53.599,4.0000,80.860,6.9750,89.000,2.0000,0.0000,1013.5
16:55:14 08/02/0024,37.767803,-122.43122,53.599,4.0000,80.790,6.9800,89.000,2.0000,0.0000,1013.5
16:55:16 08/02/0024,37.767735,-122.43120,53.599,4.1000,80.760,6.9850,89.000,2.0000,0.0000,1013.5
16:55:17 08/02/0024,37.767696,-122.43120,53.599,4.1000,80.720,6.9950,89.000,2.0000,0.0000,1013.5
16:55:19 08/02/0024,37.767605,-122.43118,53.500,4.1000,80.720,6.9950,89.000,2.0000,0.0000,1013.5
16:55:20 08/02/0024,37.767567,-122.43116,53.599,4.2000,80.709,7.0050,89.000,2.0000,0.0000,1013.4
16:55:22 08/02/0024,37.767467,-122.43115,53.799,4.3000,80.699,7.0100,90.000,2.0000,0.0000,1013.5
16:55:24 08/02/0024,37.767365,-122.43115,54.099,4.3000,80.669,7.0150,90.000,2.0000,0.0000,1013.5
16:55:25 08/02/0024,37.767315,-122.43115,54.299,4.4000,80.650,7.0250,90.000,2.0000,0.0000,1013.4
16:55:27 08/02/0024,37.767227,-122.43114,54.700,4.4000,80.629,7.0250,90.000,2.0000,0.0000,1013.4
16:55:28 08/02/0024,37.767178,-122.43114,55.000,4.3000,80.589,7.0350,90.000,2.0000,0.0000,1013.4
16:55:30 08/02/0024,37.767090,-122.43112,55.400,4.3000,80.559,7.0350,89.000,2.0000,0.0000,1013.4
16:55:32 08/02/0024,37.767006,-122.43112,56.000,4.2000,80.550,7.0450,89.000,2.0000,0.0000,1013.4
16:55:33 08/02/0024,37.766960,-122.43112,56.299,4.1000,80.519,7.0500,89.000,2.0000,0.0000,1013.3
16:55:35 08/02/0024,37.766819,-122.43111,55.000,4.2000,80.510,7.0500,89.000,2.0000,0.0000,1013.3
16:55:36 08/02/0024,37.766769,-122.43111,55.400,4.1000,80.510,7.0550,89.000,2.0000,0.0000,1013.3
16:55:38 08/02/0024,37.766689,-122.43111,56.200,4.1000,80.529,7.0600,89.000,2.0000,0.0000,1013.2
16:55:40 08/02/0024,37.766628,-122.43112,56.799,4.0000,80.570,7.0650,89.000,2.0000,0.0000,1013.2
16:55:41 08/02/0024,37.766594,-122.43112,57.200,4.0000,80.599,7.0650,88.000,2.0000,0.0000,1013.2
16:55:43 08/02/0024,37.766491,-122.43109,59.599,3.9000,80.639,7.0700,88.000,2.0000,0.0000,1013.1
16:55:44 08/02/0024,37.766449,-122.43109,60.000,3.8000,80.639,7.0750,87.000,2.0000,0.0000,1013.1
16:55:46 08/02/0024,37.766361,-122.43107,60.900,3.8000,80.650,7.0800,87.000,2.0000,0.0000,1013.1
16:55:48 08/02/0024,37.766308,-122.43106,61.799,3.7000,80.629,7.0850,86.000,2.0000,0.0000,1013.1
16:55:49 08/02/0024,37.766289,-122.43106,62.200,3.7000,80.610,7.0850,86.000,2.0000,0.0000,1013.1
16:55:51 08/02/0024,37.766270,-122.43106,62.799,3.6000,80.559,7.0900,86.000,2.0000,0.0000,1013.1
16:55:52 08/02/0024,37.766270,-122.43106,63.200,3.6000,80.470,7.0950,85.000,2.0000,0.0000,1013.1
16:55:54 08/02/0024,37.766266,-122.43105,63.500,3.6000,80.410,7.0950,85.000,2.0000,0.0000,1013.1
16:55:56 08/02/0024,37.766258,-122.43105,63.500,3.6000,80.320,7.1000,85.000,2.0000,0.0000,1013.1
16:55:57 08/02/0024,37.766254,-122.43105,63.500,3.6000,80.300,7.1000,85.000,2.0000,0.0000,1013.1
16:55:59 08/02/0024,37.766235,-122.43105,63.299,3.7000,80.230,7.1050,85.000,2.0000,0.0000,1013.1
16:56:00 08/02/0024,37.766228,-122.43105,63.200,3.6000,80.129,7.1100,85.000,2.0000,0.0000,1013.1
16:56:02 08/02/0024,37.766212,-122.43106,62.799,3.6000,80.059,7.1100,85.000,2.0000,0.0000,1013.1
16:56:04 08/02/0024,37.766193,-122.43106,62.400,3.6000,79.940,7.1150,85.000,2.0000,0.0000,1013.1
16:56:05 08/02/0024,37.766178,-122.43107,62.200,3.6000,79.879,7.1150,85.000,2.0000,0.0000,1013.1
16:56:07 08/02/0024,37.766167,-122.43107,61.900,3.7000,79.760,7.1200,85.000,2.0000,0.0000,1013.1
16:56:08 08/02/0024,37.766155,-122.43109,62.000,3.7000,79.690,7.1250,85.000,2.0000,0.0000,1013.1
16:56:10 08/02/0024,37.766136,-122.43109,61.900,30.900,79.550,7.1300,85.000,2.0000,0.0000,1013.1
16:56:12 08/02/0024,37.766102,-122.43110,61.900,54.200,79.410,7.1350,85.000,2.0000,0.0000,1013.1
16:56:13 08/02/0024,37.766060,-122.43109,61.799,39.299,79.349,7.1350,85.000,2.0000,0.0000,1013.1
16:56:15 08/02/0024,37.766026,-122.43111,61.799,19.700,79.260,7.1400,84.000,2.0000,0.0000,1013.1
16:56:16 08/02/0024,37.766006,-122.43111,61.799,14.300,79.230,7.1450,84.000,2.0000,0.0000,1013.0
16:56:18 08/02/0024,37.765976,-122.43114,61.500,7.1000,79.180,7.1500,84.000,2.0000,0.0000,1013.1
16:56:20 08/02/0024,37.765957,-122.43114,61.200,4.3000,79.160,7.1600,84.000,2.0000,0.0000,1013.0
16:56:21 08/02/0024,37.765957,-122.43115,61.099,45.000,79.180,7.1600,83.000,2.0000,0.0000,1013.1
16:56:23 08/02/0024,37.765949,-122.43115,61.099,36.599,79.269,7.1700,83.000,2.0000,0.0000,1013.1
16:56:24 08/02/0024,37.765945,-122.43115,61.000,25.600,79.320,7.1750,83.000,2.0000,0.0000,1013.1
16:56:26 08/02/0024,37.765938,-122.43116,60.900,12.200,79.419,7.1850,83.000,2.0000,0.0000,1013.1
16:56:28 08/02/0024,37.765930,-122.43116,60.799,9.4000,79.480,7.1900,83.000,2.0000,0.0000,1013.0
16:56:29 08/02/0024,37.765926,-122.43118,60.799,5.6000,79.580,7.2000,83.000,2.0000,0.0000,1013.1
16:56:31 08/02/0024,37.765915,-122.43119,60.700,5.4000,79.699,7.2100,84.000,2.0000,0.0000,1013.1
16:56:32 08/02/0024,37.765919,-122.43118,60.700,4.8000,79.760,7.2200,84.000,2.0000,0.0000,1013.1
16:56:34 08/02/0024,37.765919,-122.43119,60.500,3.0000,79.879,7.2350,87.000,2.0000,0.0000,1013.1
16:56:36 08/02/0024,37.765919,-122.43119,60.299,3.5000,79.910,7.2400,93.000,2.0000,0.0000,1013.1
16:56:37 08/02/0024,37.765923,-122.43119,60.299,3.2000,79.980,7.2600,108.00,2.0000,0.0000,1013.1
16:56:39 08/02/0024,37.765923,-122.43119,60.299,4.7000,80.010,7.2800,125.00,2.0000,0.0000,1013.1
16:56:40 08/02/0024,37.765923,-122.43119,60.400,4.4000,80.019,7.2900,133.00,2.0000,0.0000,1013.1
16:56:42 08/02/0024,37.765930,-122.43118,59.500,4.3000,80.040,7.3150,146.00,2.0000,0.0000,1013.1
16:56:44 08/02/0024,37.765934,-122.43118,58.799,4.4000,80.040,7.3300,151.00,2.0000,0.0000,1013.1
16:56:45 08/02/0024,37.765934,-122.43118,58.400,4.2000,80.010,7.3600,158.00,2.0000,0.0000,1013.1
16:56:47 08/02/0024,37.765934,-122.43116,58.099,4.0000,79.989,7.3750,160.00,2.0000,0.0000,1013.1
16:56:48 08/02/0024,37.765938,-122.43116,57.799,3.9000,79.949,7.4100,160.00,2.0000,0.0000,1013.1
16:56:50 08/02/0024,37.765938,-122.43116,57.400,3.7000,79.900,7.4500,158.00,2.0000,0.0000,1013.1
16:56:52 08/02/0024,37.765942,-122.43116,57.099,85.699,79.849,7.4700,157.00,2.0000,0.0000,1013.0
16:56:53 08/02/0024,37.765942,-122.43116,56.900,66.599,79.760,7.5150,152.00,2.0000,0.0000,1013.1
16:56:55 08/02/0024,37.765938,-122.43116,57.099,46.099,79.690,7.5350,150.00,2.0000,0.0000,1013.1
16:56:56 08/02/0024,37.765942,-122.43116,57.000,19.700,79.519,7.5850,145.00,2.0000,0.0000,1013.0
16:56:58 08/02/0024,37.765942,-122.43116,57.099,9.1000,79.300,7.6350,139.00,2.0000,0.0000,1013.1
16:57:00 08/02/0024,37.765942,-122.43116,57.099,6.7000,79.190,7.6650,137.00,2.0000,0.0000,1013.1
16:57:01 08/02/0024,37.765945,-122.43116,57.099,5.1000,78.959,7.7200,131.00,2.0000,0.0000,1013.1
16:57:03 08/02/0024,37.765949,-122.43116,57.099,4.8000,78.839,7.7500,129.00,2.0000,0.0000,1013.1
16:57:04 08/02/0024,37.765945,-122.43116,57.099,4.1000,78.589,7.8100,124.00,2.0000,0.0000,1013.1
16:57:06 08/02/0024,37.765945,-122.43116,57.099,4.4000,78.330,7.8750,119.00,2.0000,0.0000,1013.1
16:57:08 08/02/0024,37.765949,-122.43116,56.700,3.2000,78.190,7.9100,117.00,2.0000,0.0000,1013.1
16:57:09 08/02/0024,37.765949,-122.43116,56.700,3.1000,77.879,7.9800,113.00,2.0000,0.0000,1013.1
16:57:11 08/02/0024,37.765949,-122.43116,56.599,2.7000,77.720,8.0200,112.00,2.0000,0.0000,1013.0
16:57:12 08/02/0024,37.765953,-122.43116,56.500,3.3000,77.410,8.1000,109.00,2.0000,0.0000,1013.1
16:57:14 08/02/0024,37.765938,-122.43116,56.599,4.8000,77.260,8.1400,107.00,2.0000,0.0000,1013.0
16:57:16 08/02/0024,37.765915,-122.43116,56.799,5.3000,76.989,8.2300,105.00,2.0000,0.0000,1013.0
16:57:17 08/02/0024,37.765903,-122.43116,56.900,5.1000,76.660,8.3200,104.00,2.0000,0.0000,1013.1
16:57:19 08/02/0024,37.765858,-122.43115,57.000,4.7000,76.489,8.3700,104.00,2.0000,0.0000,1013.1
16:57:20 08/02/0024,37.765831,-122.43114,57.000,4.5000,76.110,8.4650,103.00,2.0000,0.0000,1013.0
16:57:22 08/02/0024,37.765778,-122.43111,56.900,4.5000,75.919,8.5100,103.00,2.0000,0.0000,1013.0
16:57:24 08/02/0024,37.765713,-122.43109,56.799,4.4000,75.570,8.6100,103.00,2.0000,0.0000,1013.1
16:57:25 08/02/0024,37.765682,-122.43107,56.700,4.7000,75.230,8.7050,103.00,2.0000,0.0000,1013.1
16:57:27 08/02/0024,37.765621,-122.43105,56.400,4.8000,75.059,8.7550,103.00,2.0000,0.0000,1013.1
16:57:28 08/02/0024,37.765598,-122.43103,56.299,5.0000,74.680,8.8500,102.00,2.0000,0.0000,1013.1
16:57:30 08/02/0024,37.765522,-122.43101,56.099,5.1000,74.510,8.8950,102.00,2.0000,0.0000,1013.1
16:57:32 08/02/0024,37.765484,-122.43101,56.299,5.2000,74.150,8.9800,102.00,2.0000,0.0000,1013.2
16:57:33 08/02/0024,37.765465,-122.43101,56.500,5.2000,73.980,9.0200,102.00,2.0000,0.0000,1013.1
16:57:35 08/02/0024,37.765438,-122.43103,56.700,5.4000,73.650,9.1000,102.00,2.0000,0.0000,1013.2
16:57:36 08/02/0024,37.765427,-122.43103,56.700,5.5000,73.330,9.1700,103.00,2.0000,0.0000,1013.2
16:57:38 08/02/0024,37.765400,-122.43103,56.799,5.5000,73.180,9.2050,103.00,2.0000,0.0000,1013.2
16:57:40 08/02/0024,37.765347,-122.43103,57.099,5.5000,72.930,9.2600,106.00,2.0000,0.0000,1013.2
16:57:41 08/02/0024,37.765316,-122.43103,57.099,5.5000,72.830,9.2900,108.00,2.0000,0.0000,1013.3
16:57:43 08/02/0024,37.765221,-122.43103,56.700,5.4000,72.639,9.3400,114.00,2.0000,0.0000,1013.3
16:57:44 08/02/0024,37.765190,-122.43105,56.700,5.4000,72.419,9.3800,119.00,2.0000,0.0000,1013.3
16:57:46 08/02/0024,37.765129,-122.43105,56.799,5.4000,72.309,9.3950,120.00,2.0000,0.0000,1013.4
16:57:48 08/02/0024,37.765053,-122.43103,56.900,5.3000,72.050,9.4250,121.00,2.0000,0.0000,1013.4
16:57:49 08/02/0024,37.765003,-122.43103,56.900,5.2000,71.930,9.4400,121.00,2.0000,0.0000,1013.4
16:57:51 08/02/0024,37.764923,-122.43101,57.000,5.1000,71.660,9.4650,120.00,2.0000,0.0000,1013.5
16:57:52 08/02/0024,37.764877,-122.43100,57.000,5.0000,71.519,9.4750,119.00,2.0000,0.0000,1013.5
16:57:54 08/02/0024,37.764805,-122.43099,57.299,4.8000,71.230,9.4900,117.00,2.0000,0.0000,1013.5
16:57:56 08/02/0024,37.764755,-122.43096,57.500,4.7000,70.930,9.5050,114.00,2.0000,0.0000,1013.5
16:57:57 08/02/0024,37.764744,-122.43096,57.700,4.6000,70.809,9.5100,113.00,2.0000,0.0000,1013.5
16:57:59 08/02/0024,37.764725,-122.43093,58.000,4.5000,70.540,9.5200,111.00,2.0000,0.0000,1013.6
16:58:00 08/02/0024,37.764709,-122.43093,58.200,4.6000,70.430,9.5200,110.00,2.0000,0.0000,1013.5
16:58:02 08/02/0024,37.764645,-122.43092,58.599,4.7000,70.209,9.5250,108.00,2.0000,0.0000,1013.6
16:58:04 08/02/0024,37.764534,-122.43090,59.200,4.7000,70.040,9.5300,107.00,2.0000,0.0000,1013.6
16:58:05 08/02/0024,37.764481,-122.43088,59.500,4.7000,69.989,9.5300,107.00,2.0000,0.0000,1013.6
16:58:07 08/02/0024,37.764385,-122.43086,60.299,4.8000,69.959,9.5300,107.00,2.0000,0.0000,1013.6
16:58:08 08/02/0024,37.764332,-122.43084,60.500,4.9000,69.949,9.5300,107.00,2.0000,0.0000,1013.7
16:58:10 08/02/0024,37.764221,-122.43084,61.000,5.1000,69.949,9.5300,106.00,2.0000,0.0000,1013.7
16:58:12 08/02/0024,37.764091,-122.43082,61.400,5.2000,69.940,9.5300,106.00,2.0000,0.0000,1013.7
16:58:13 08/02/0024,37.764027,-122.43080,61.599,5.2000,69.940,9.5250,106.00,2.0000,0.0000,1013.8
16:58:15 08/02/0024,37.763889,-122.43079,61.900,5.2000,69.919,9.5250,105.00,2.0000,0.0000,1013.9
16:58:16 08/02/0024,37.763813,-122.43078,61.900,5.2000,69.900,9.5250,105.00,2.0000,0.0000,1013.9
16:58:18 08/02/0024,37.763657,-122.43077,62.200,5.2000,69.860,9.5200,105.00,2.0000,0.0000,1014.0
16:58:20 08/02/0024,37.763493,-122.43075,62.299,5.2000,69.839,9.5200,105.00,2.0000,0.0000,1014.1
16:58:21 08/02/0024,37.763409,-122.43075,62.400,5.1000,69.760,9.5150,104.00,2.0000,0.0000,1014.1
16:58:23 08/02/0024,37.763218,-122.43077,61.799,5.1000,69.690,9.5150,104.00,2.0000,0.0000,1014.1
16:58:24 08/02/0024,37.763134,-122.43074,61.400,5.1000,69.660,9.5100,104.00,2.0000,0.0000,1014.2
16:58:26 08/02/0024,37.763042,-122.43071,61.599,5.0000,69.620,9.5050,103.00,2.0000,0.0000,1014.2
16:58:27 08/02/0024,37.763008,-122.43071,61.700,4.9000,69.610,9.5050,103.00,2.0000,0.0000,1014.3
16:58:29 08/02/0024,37.762962,-122.43071,62.000,4.8000,69.620,9.5000,103.00,2.0000,0.0000,1014.3
16:58:31 08/02/0024,37.762939,-122.43071,62.400,4.7000,69.650,9.4950,103.00,2.0000,0.0000,1014.3
16:58:32 08/02/0024,37.762928,-122.43071,62.500,4.6000,69.669,9.4950,103.00,2.0000,0.0000,1014.3
16:58:34 08/02/0024,37.762890,-122.43071,62.900,4.6000,69.739,9.4900,103.00,2.0000,0.0000,1014.3
16:58:35 08/02/0024,37.762859,-122.43071,63.099,4.6000,69.779,9.4900,103.00,2.0000,0.0000,1014.3
16:58:37 08/02/0024,37.762821,-122.43073,63.400,4.6000,69.879,9.4850,102.00,2.0000,0.0000,1014.3
16:58:39 08/02/0024,37.762794,-122.43073,63.900,4.6000,69.940,9.4850,102.00,2.0000,0.0000,1014.4
16:58:40 08/02/0024,37.762772,-122.43073,64.099,4.7000,70.059,9.4800,102.00,2.0000,0.0000,1014.4
16:58:42 08/02/0024,37.762726,-122.43069,64.300,4.9000,70.150,9.4750,102.00,2.0000,0.0000,1014.3
16:58:43 08/02/0024,37.762699,-122.43067,64.400,4.9000,70.190,9.4750,102.00,2.0000,0.0000,1014.4
16:58:45 08/02/0024,37.762699,-122.43056,63.200,4.9000,70.239,9.4750,102.00,2.0000,0.0000,1014.4
16:58:47 08/02/0024,37.762722,-122.43045,62.000,5.0000,70.260,9.4700,102.00,2.0000,0.0000,1014.4
16:58:48 08/02/0024,37.762722,-122.43038,62.000,5.0000,70.300,9.4700,102.00,2.0000,0.0000,1014.4
16:58:50 08/02/0024,37.762756,-122.43024,61.799,5.0000,70.330,9.4700,102.00,2.0000,0.0000,1014.4
16:58:51 08/02/0024,37.762772,-122.43016,61.700,5.0000,70.339,9.4650,102.00,2.0000,0.0000,1014.4
16:58:53 08/02/0024,37.762821,-122.42997,61.299,5.0000,70.379,9.4650,102.00,2.0000,0.0000,1014.4
16:59:13 08/02/0024,37.762951,-122.42874,62.299,4.7000,70.720,9.4450,101.00,2.0000,0.0000,1014.6
16:59:15 08/02/0024,37.762955,-122.42871,62.700,4.8000,70.730,9.4450,100.00,2.0000,0.0000,1014.6
16:59:16 08/02/0024,37.762943,-122.42868,62.799,4.7000,70.750,9.4450,100.00,2.0000,0.0000,1014.6
16:59:18 08/02/0024,37.762939,-122.42861,63.099,4.7000,70.760,9.4400,100.00,2.0000,0.0000,1014.6
16:59:20 08/02/0024,37.762939,-122.42855,63.400,4.8000,70.760,9.4400,100.00,2.0000,0.0000,1014.6
16:59:21 08/02/0024,37.762897,-122.42854,62.099,4.9000,70.730,9.4350,100.00,2.0000,0.0000,1014.6
16:59:23 08/02/0024,37.762913,-122.42842,61.599,4.9000,70.709,9.4350,100.00,2.0000,0.0000,1014.6
16:59:24 08/02/0024,37.762917,-122.42837,61.299,5.0000,70.669,9.4300,100.00,2.0000,0.0000,1014.7
16:59:26 08/02/0024,37.762947,-122.42822,59.799,5.0000,70.639,9.4300,100.00,2.0000,0.0000,1014.7
16:59:28 08/02/0024,37.762966,-122.42808,58.400,4.8000,70.589,9.4300,99.000,2.0000,0.0000,1014.7
16:59:29 08/02/0024,37.762974,-122.42797,58.099,4.8000,70.540,9.4250,99.000,2.0000,0.0000,1014.8
16:59:31 08/02/0024,37.762993,-122.42780,57.099,4.8000,70.510,9.4250,99.000,2.0000,0.0000,1014.8
16:59:32 08/02/0024,37.762997,-122.42772,56.900,4.8000,70.459,9.4200,98.000,2.0000,0.0000,1014.8
16:59:34 08/02/0024,37.763012,-122.42753,56.299,4.8000,70.449,9.4200,98.000,2.0000,0.0000,1014.9
16:59:36 08/02/0024,37.763020,-122.42736,56.099,4.7000,70.440,9.4200,98.000,2.0000,0.0000,1014.9
16:59:37 08/02/0024,37.763020,-122.42729,55.900,4.6000,70.419,9.4150,97.000,2.0000,0.0000,1015.0
16:59:39 08/02/0024,37.763016,-122.42714,55.400,4.6000,70.430,9.4150,97.000,2.0000,0.0000,1015.0
16:59:40 08/02/0024,37.763012,-122.42707,55.000,4.5000,70.430,9.4100,97.000,2.0000,0.0000,1015.0
16:59:42 08/02/0024,37.763020,-122.42689,53.599,4.5000,70.419,9.4100,96.000,2.0000,0.0000,1015.1
16:59:44 08/02/0024,37.763031,-122.42672,53.099,4.4000,70.400,9.4100,96.000,2.0000,0.0000,1015.1
16:59:45 08/02/0024,37.763035,-122.42663,53.000,4.4000,70.370,9.4050,96.000,2.0000,0.0000,1015.1
16:59:47 08/02/0024,37.763035,-122.42646,52.599,4.3000,70.360,9.4050,95.000,2.0000,0.0000,1015.1
16:59:48 08/02/0024,37.763023,-122.42639,52.299,4.3000,70.339,9.4000,95.000,2.0000,0.0000,1015.1
16:59:50 08/02/0024,37.763012,-122.42625,52.200,4.3000,70.339,9.4000,94.000,2.0000,0.0000,1015.1
16:59:52 08/02/0024,37.762981,-122.42620,51.500,4.3000,70.309,9.3950,93.000,2.0000,0.0000,1015.2
16:59:53 08/02/0024,37.762989,-122.42614,51.400,4.3000,70.300,9.3950,93.000,2.0000,0.0000,1015.2
16:59:55 08/02/0024,37.762989,-122.42607,50.900,4.2000,70.300,9.3900,93.000,2.0000,0.0000,1015.2
16:59:56 08/02/0024,37.762997,-122.42604,50.700,4.2000,70.320,9.3900,92.000,2.0000,0.0000,1015.2
16:59:58 08/02/0024,37.763000,-122.42598,50.500,4.3000,70.339,9.3900,92.000,2.0000,0.0000,1015.2
17:00:00 08/02/0024,37.763020,-122.42589,50.299,4.4000,70.379,9.3850,92.000,2.0000,0.0000,1015.3
17:00:01 08/02/0024,37.763042,-122.42585,50.299,4.4000,70.410,9.3850,92.000,2.0000,0.0000,1015.3
17:00:03 08/02/0024,37.763077,-122.42575,50.099,4.4000,70.459,9.3800,92.000,2.0000,0.0000,1015.3
17:00:04 08/02/0024,37.763084,-122.42571,50.000,4.4000,70.489,9.3800,92.000,2.0000,0.0000,1015.2
17:00:06 08/02/0024,37.763092,-122.42565,50.099,4.3000,70.550,9.3750,91.000,2.0000,0.0000,1015.3
17:00:08 08/02/0024,37.763103,-122.42557,50.099,4.3000,70.620,9.3750,91.000,2.0000,0.0000,1015.3
17:00:09 08/02/0024,37.763119,-122.42555,50.000,4.3000,70.660,9.3750,91.000,2.0000,0.0000,1015.3
17:00:11 08/02/0024,37.763145,-122.42548,49.900,4.2000,70.720,9.3700,91.000,2.0000,0.0000,1015.3
17:00:12 08/02/0024,37.763157,-122.42546,49.900,4.2000,70.769,9.3700,91.000,2.0000,0.0000,1015.3
17:00:14 08/02/0024,37.763203,-122.42539,50.000,4.2000,70.860,9.3650,91.000,2.0000,0.0000,1015.4
17:00:16 08/02/0024,37.763222,-122.42531,50.099,4.1000,70.949,9.3650,91.000,2.0000,0.0000,1015.4
17:00:17 08/02/0024,37.763214,-122.42524,50.200,4.1000,70.980,9.3650,91.000,2.0000,0.0000,1015.4
17:00:19 08/02/0024,37.763195,-122.42508,50.200,4.1000,71.040,9.3600,91.000,2.0000,0.0000,1015.4
17:00:20 08/02/0024,37.763203,-122.42503,50.200,4.2000,71.040,9.3600,90.000,2.0000,0.0000,1015.4
17:00:22 08/02/0024,37.763214,-122.42491,50.299,4.3000,71.059,9.3550,90.000,2.0000,0.0000,1015.5
17:00:24 08/02/0024,37.763214,-122.42476,50.200,4.3000,71.059,9.3550,90.000,2.0000,0.0000,1015.5
17:00:25 08/02/0024,37.763218,-122.42470,50.099,4.2000,71.080,9.3550,90.000,2.0000,0.0000,1015.6
17:00:27 08/02/0024,37.763226,-122.42455,50.099,4.1000,71.120,9.3500,90.000,2.0000,0.0000,1015.6
17:00:28 08/02/0024,37.763233,-122.42447,50.000,4.1000,71.129,9.3500,89.000,2.0000,0.0000,1015.7
17:00:30 08/02/0024,37.763241,-122.42433,49.900,4.1000,71.160,9.3450,89.000,2.0000,0.0000,1015.6
17:00:32 08/02/0024,37.763248,-122.42423,49.799,4.0000,71.169,9.3450,89.000,2.0000,0.0000,1015.7
17:00:33 08/02/0024,37.763233,-122.42421,49.400,3.9000,71.199,9.3400,89.000,2.0000,0.0000,1015.7
17:00:35 08/02/0024,37.763237,-122.42417,49.400,3.8000,71.220,9.3400,89.000,2.0000,0.0000,1015.7
17:00:36 08/02/0024,37.763237,-122.42416,49.599,3.7000,71.230,9.3400,89.000,2.0000,0.0000,1015.7
17:00:38 08/02/0024,37.763237,-122.42414,49.700,3.7000,71.239,9.3350,88.000,2.0000,0.0000,1015.7
17:00:40 08/02/0024,37.763229,-122.42412,49.700,3.6000,71.239,9.3350,88.000,2.0000,0.0000,1015.7
17:00:41 08/02/0024,37.763226,-122.42414,49.799,3.6000,71.250,9.3300,88.000,2.0000,0.0000,1015.7
17:00:43 08/02/0024,37.763222,-122.42412,50.000,3.6000,71.239,9.3300,88.000,2.0000,0.0000,1015.7
17:00:44 08/02/0024,37.763222,-122.42412,50.000,3.6000,71.230,9.3300,88.000,2.0000,0.0000,1015.6
17:00:46 08/02/0024,37.763222,-122.42412,49.799,3.6000,71.199,9.3250,87.000,2.0000,0.0000,1015.7
17:00:48 08/02/0024,37.763218,-122.42412,49.700,3.6000,71.190,9.3250,87.000,2.0000,0.0000,1015.7
17:00:49 08/02/0024,37.763218,-122.42412,49.700,3.5000,71.160,9.3250,87.000,2.0000,0.0000,1015.7
17:00:51 08/02/0024,37.763218,-122.42412,49.700,3.5000,71.150,9.3250,87.000,2.0000,0.0000,1015.7
17:00:52 08/02/0024,37.763222,-122.42411,49.700,3.4000,71.150,9.3200,86.000,2.0000,0.0000,1015.7
17:00:54 08/02/0024,37.763222,-122.42412,49.700,3.5000,71.139,9.3200,86.000,2.0000,0.0000,1015.7
17:00:56 08/02/0024,37.763222,-122.42412,49.700,3.6000,71.139,9.3200,86.000,2.0000,0.0000,1015.7
17:00:57 08/02/0024,37.763226,-122.42412,49.599,3.6000,71.139,9.3150,86.000,2.0000,0.0000,1015.7
17:00:59 08/02/0024,37.763222,-122.42411,49.299,3.6000,71.150,9.3150,86.000,2.0000,0.0000,1015.7
17:01:00 08/02/0024,37.763222,-122.42411,49.200,3.7000,71.169,9.3150,86.000,2.0000,0.0000,1015.7
17:01:02 08/02/0024,37.763214,-122.42408,48.700,3.9000,71.199,9.3150,86.000,2.0000,0.0000,1015.7
17:01:04 08/02/0024,37.763218,-122.42402,48.000,3.9000,71.209,9.3150,86.000,2.0000,0.0000,1015.7
17:01:05 08/02/0024,37.763226,-122.42397,47.400,4.0000,71.239,9.3100,86.000,2.0000,0.0000,1015.7
17:01:07 08/02/0024,37.763233,-122.42388,46.500,4.0000,71.269,9.3100,86.000,2.0000,0.0000,1015.7
17:01:08 08/02/0024,37.763229,-122.42383,46.000,4.0000,71.290,9.3100,86.000,2.0000,0.0000,1015.7
17:01:10 08/02/0024,37.763237,-122.42372,45.000,3.9000,71.279,9.3100,86.000,2.0000,0.0000,1015.7
17:01:12 08/02/0024,37.763248,-122.42359,44.200,3.9000,71.199,9.3100,86.000,2.0000,0.0000,1015.8
17:01:13 08/02/0024,37.763245,-122.42352,43.700,3.9000,71.019,9.3050,86.000,2.0000,0.0000,1015.8
17:01:15 08/02/0024,37.763248,-122.42338,42.799,4.0000,70.919,9.3050,86.000,2.0000,0.0000,1015.8
17:01:16 08/02/0024,37.763248,-122.42332,42.299,4.1000,70.730,9.3050,86.000,2.0000,0.0000,1015.9
17:01:18 08/02/0024,37.763245,-122.42318,41.400,4.2000,70.639,9.3050,86.000,2.0000,0.0000,1015.9
17:01:19 08/02/0024,37.763248,-122.42311,41.000,4.2000,70.489,9.3000,85.000,2.0000,0.0000,1015.9
17:01:21 08/02/0024,37.763229,-122.42300,40.099,4.2000,70.349,9.3000,85.000,2.0000,0.0000,1015.9
17:01:23 08/02/0024,37.763256,-122.42283,39.099,4.2000,70.290,9.3000,85.000,2.0000,0.0000,1015.9
17:01:24 08/02/0024,37.763264,-122.42276,38.700,4.3000,70.160,9.3000,84.000,2.0000,0.0000,1015.9
17:01:26 08/02/0024,37.763268,-122.42256,37.799,4.3000,70.099,9.2950,84.000,2.0000,0.0000,1016.0
17:01:27 08/02/0024,37.763275,-122.42247,37.599,4.4000,69.989,9.2950,83.000,2.0000,0.0000,1016.0
17:01:29 08/02/0024,37.763290,-122.42231,37.099,4.3000,69.879,9.2950,82.000,2.0000,0.0000,1016.0
17:01:31 08/02/0024,37.763298,-122.42215,36.599,4.4000,69.809,9.2900,82.000,2.0000,0.0000,1016.1
17:01:32 08/02/0024,37.763306,-122.42208,36.299,4.3000,69.690,9.2900,81.000,2.0000,0.0000,1016.1
17:01:34 08/02/0024,37.763313,-122.42197,35.900,4.2000,69.639,9.2900,80.000,2.0000,0.0000,1016.2
17:01:35 08/02/0024,37.763313,-122.42195,35.799,4.1000,69.529,9.2850,79.000,2.0000,0.0000,1016.2
17:01:37 08/02/0024,37.763313,-122.42189,35.700,4.0000,69.500,9.2850,79.000,2.0000,0.0000,1016.2
17:01:39 08/02/0024,37.763313,-122.42187,35.599,3.8000,69.430,9.2850,78.000,2.0000,0.0000,1016.1
17:01:40 08/02/0024,37.763313,-122.42187,35.599,3.7000,69.389,9.2800,77.000,2.0000,0.0000,1016.2
17:01:42 08/02/0024,37.763309,-122.42186,35.700,3.7000,69.370,9.2800,76.000,2.0000,0.0000,1016.2
17:01:43 08/02/0024,37.763309,-122.42186,35.700,3.5000,69.339,9.2750,76.000,2.0000,0.0000,1016.2
17:01:45 08/02/0024,37.763302,-122.42185,35.700,3.5000,69.339,9.2750,75.000,2.0000,0.0000,1016.1
17:01:47 08/02/0024,37.763302,-122.42185,35.599,3.4000,69.360,9.2750,74.000,2.0000,0.0000,1016.1
17:01:48 08/02/0024,37.763298,-122.42185,35.700,3.3000,69.400,9.2700,74.000,2.0000,0.0000,1016.1
17:01:50 08/02/0024,37.763283,-122.42181,35.599,3.2000,69.419,9.2700,74.000,2.0000,0.0000,1016.1
17:01:51 08/02/0024,37.763256,-122.42179,35.599,3.2000,69.459,9.2700,74.000,2.0000,0.0000,1016.1
17:01:53 08/02/0024,37.763203,-122.42179,35.599,3.1000,69.480,9.2700,74.000,2.0000,0.0000,1016.2
17:01:55 08/02/0024,37.763142,-122.42179,35.599,3.0000,69.489,9.2650,75.000,2.0000,0.0000,1016.2
17:01:56 08/02/0024,37.763100,-122.42178,35.599,3.0000,69.489,9.2650,76.000,2.0000,0.0000,1016.2
17:01:58 08/02/0024,37.763012,-122.42177,35.599,3.0000,69.500,9.2650,76.000,2.0000,0.0000,1016.2
17:01:59 08/02/0024,37.762962,-122.42177,35.700,3.1000,69.500,9.2600,77.000,2.0000,0.0000,1016.2
17:02:01 08/02/0024,37.762840,-122.42174,35.799,3.2000,69.510,9.2600,77.000,2.0000,0.0000,1016.2
17:02:03 08/02/0024,37.762726,-122.42173,35.900,3.3000,69.510,9.2600,77.000,2.0000,0.0000,1016.2
17:02:04 08/02/0024,37.762672,-122.42172,36.000,3.4000,69.510,9.2600,77.000,2.0000,0.0000,1016.2
17:02:06 08/02/0024,37.762539,-122.42170,35.900,3.7000,69.519,9.2600,78.000,2.0000,0.0000,1016.3
17:02:07 08/02/0024,37.762493,-122.42168,35.799,3.9000,69.550,9.2550,78.000,2.0000,0.0000,1016.3
17:02:09 08/02/0024,37.762379,-122.42168,36.000,4.0000,69.550,9.2550,79.000,2.0000,0.0000,1016.3
17:02:11 08/02/0024,37.762260,-122.42166,36.099,4.0000,69.540,9.2550,84.000,2.0000,0.0000,1016.3
17:02:12 08/02/0024,37.762199,-122.42166,36.200,4.1000,69.529,9.2550,89.000,2.0000,0.0000,1016.3
17:02:14 08/02/0024,37.762085,-122.42164,36.500,4.1000,69.470,9.2500,98.000,1.0000,0.0000,1016.3
17:02:15 08/02/0024,37.762024,-122.42164,36.599,4.1000,69.389,9.2500,105.00,1.0000,0.0000,1016.3
17:02:17 08/02/0024,37.761890,-122.42163,37.000,4.1000,69.349,9.2500,108.00,1.0000,0.0000,1016.4
17:02:19 08/02/0024,37.761768,-122.42161,37.299,4.1000,69.290,9.2500,113.00,1.0000,0.0000,1016.3
17:02:20 08/02/0024,37.761707,-122.42160,37.500,4.2000,69.269,9.2450,115.00,1.0000,0.0000,1016.3
17:02:22 08/02/0024,37.761589,-122.42157,38.099,4.2000,69.269,9.2450,118.00,1.0000,0.0000,1016.3
17:02:23 08/02/0024,37.761524,-122.42157,38.299,4.3000,69.290,9.2450,119.00,1.0000,0.0000,1016.3
17:02:25 08/02/0024,37.761402,-122.42157,38.799,4.3000,69.339,9.2450,119.00,1.0000,0.0000,1016.3
17:02:27 08/02/0024,37.761292,-122.42155,39.200,4.3000,69.419,9.2400,119.00,1.0000,0.0000,1016.3
17:02:28 08/02/0024,37.761230,-122.42155,39.400,4.3000,69.480,9.2400,119.00,1.0000,0.0000,1016.2
17:02:30 08/02/0024,37.761127,-122.42155,39.799,4.2000,69.580,9.2400,120.00,1.0000,0.0000,1016.2
17:02:31 08/02/0024,37.761078,-122.42153,40.099,4.2000,69.650,9.2400,120.00,1.0000,0.0000,1016.2
17:02:33 08/02/0024,37.760983,-122.42153,40.400,4.2000,69.769,9.2350,120.00,1.0000,0.0000,1016.2
17:02:35 08/02/0024,37.760887,-122.42153,40.900,4.3000,69.910,9.2350,121.00,1.0000,0.0000,1016.1
17:02:36 08/02/0024,37.760841,-122.42151,41.200,4.2000,69.959,9.2350,121.00,1.0000,0.0000,1016.1
17:02:38 08/02/0024,37.760757,-122.42150,41.400,4.1000,70.070,9.2350,124.00,1.0000,0.0000,1016.1
17:02:39 08/02/0024,37.760712,-122.42149,41.700,4.1000,70.129,9.2300,125.00,1.0000,0.0000,1016.1
17:02:41 08/02/0024,37.760616,-122.42149,42.200,3.9000,70.250,9.2300,128.00,1.0000,0.0000,1016.1
17:02:43 08/02/0024,37.760525,-122.42147,43.099,3.8000,70.330,9.2300,131.00,1.0000,0.0000,1016.0
17:02:44 08/02/0024,37.760475,-122.42147,43.599,3.8000,70.370,9.2300,131.00,1.0000,0.0000,1016.0
17:02:46 08/02/0024,37.760376,-122.42149,44.599,3.7000,70.480,9.2250,132.00,1.0000,0.0000,1016.0
17:02:47 08/02/0024,37.760326,-122.42149,45.200,3.7000,70.529,9.2250,133.00,1.0000,0.0000,1016.0
17:02:49 08/02/0024,37.760246,-122.42149,46.200,3.8000,70.610,9.2250,134.00,1.0000,0.0000,1016.0
17:02:51 08/02/0024,37.760147,-122.42147,46.500,3.8000,70.650,9.2250,135.00,1.0000,0.0000,1016.0
17:02:52 08/02/0024,37.760094,-122.42146,46.500,3.9000,70.720,9.2250,137.00,1.0000,0.0000,1015.9
17:02:54 08/02/0024,37.759983,-122.42145,46.700,3.9000,70.800,9.2200,138.00,1.0000,0.0000,1015.9
17:02:56 08/02/0024,37.759872,-122.42145,47.099,3.9000,70.839,9.2200,139.00,1.0000,0.0000,1015.9
17:02:57 08/02/0024,37.759815,-122.42144,47.299,3.9000,70.910,9.2200,139.00,1.0000,0.0000,1015.9
17:02:59 08/02/0024,37.759701,-122.42142,47.599,4.0000,70.949,9.2200,139.00,1.0000,0.0000,1015.9
17:03:00 08/02/0024,37.759640,-122.42141,47.599,4.1000,71.040,9.2200,137.00,1.0000,0.0000,1015.8
17:03:02 08/02/0024,37.759518,-122.42140,47.799,4.1000,71.120,9.2150,135.00,1.0000,0.0000,1015.8
17:03:04 08/02/0024,37.759407,-122.42140,48.000,4.1000,71.169,9.2150,134.00,1.0000,0.0000,1015.8
17:03:05 08/02/0024,37.759338,-122.42141,47.500,4.2000,71.250,9.2150,131.00,1.0000,0.0000,1015.8
17:03:07 08/02/0024,37.759247,-122.42141,47.900,4.2000,71.290,9.2150,130.00,1.0000,0.0000,1015.7
17:03:08 08/02/0024,37.759205,-122.42140,48.099,4.3000,71.360,9.2150,127.00,1.0000,0.0000,1015.7
17:03:10 08/02/0024,37.759117,-122.42138,48.500,4.4000,71.410,9.2150,124.00,1.0000,0.0000,1015.7
17:03:12 08/02/0024,37.759033,-122.42138,49.099,4.4000,71.440,9.2150,123.00,1.0000,0.0000,1015.7
17:03:13 08/02/0024,37.758987,-122.42138,49.400,4.5000,71.500,9.2100,120.00,1.0000,0.0000,1015.7
17:03:15 08/02/0024,37.758907,-122.42138,50.299,4.4000,71.540,9.2100,119.00,1.0000,0.0000,1015.7
17:03:16 08/02/0024,37.758862,-122.42137,50.799,4.5000,71.589,9.2100,117.00,1.0000,0.0000,1015.7
17:03:18 08/02/0024,37.758808,-122.42137,52.099,139.50,71.639,9.2100,115.00,1.0000,0.0000,1015.7
17:03:20 08/02/0024,37.758759,-122.42134,52.900,138.69,71.669,9.2100,114.00,1.0000,0.0000,1015.7
17:03:21 08/02/0024,37.758724,-122.42134,53.400,70.800,71.750,9.2100,113.00,1.0000,0.0000,1015.6
17:03:23 08/02/0024,37.758656,-122.42134,54.200,46.500,71.790,9.2050,112.00,1.0000,0.0000,1015.6
17:03:24 08/02/0024,37.758640,-122.42134,54.500,20.000,71.879,9.2050,114.00,1.0000,0.0000,1015.6
17:03:26 08/02/0024,37.758583,-122.42141,53.700,14.200,71.949,9.2050,115.00,1.0000,0.0000,1015.6
17:03:28 08/02/0024,37.758572,-122.42151,54.000,8.5000,72.080,9.2050,119.00,1.0000,0.0000,1015.5
17:03:29 08/02/0024,37.758568,-122.42157,54.099,4.6000,72.190,9.2050,122.00,1.0000,0.0000,1015.5
17:03:31 08/02/0024,37.758568,-122.42166,54.700,3.8000,72.250,9.2050,124.00,1.0000,0.0000,1015.5
17:03:32 08/02/0024,37.758568,-122.42172,54.900,4.9000,72.370,9.2000,125.00,1.0000,0.0000,1015.4
17:03:34 08/02/0024,37.758579,-122.42183,54.500,5.6000,72.430,9.2000,126.00,1.0000,0.0000,1015.4
17:03:36 08/02/0024,37.758579,-122.42191,54.900,6.3000,72.529,9.2000,127.00,1.0000,0.0000,1015.4
17:03:37 08/02/0024,37.758579,-122.42196,55.000,5.9000,72.629,9.2000,127.00,1.0000,0.0000,1015.4
17:03:39 08/02/0024,37.758568,-122.42204,55.099,7.4000,72.680,9.2000,127.00,1.0000,0.0000,1015.4
17:03:40 08/02/0024,37.758556,-122.42209,55.200,6.3000,72.769,9.2000,127.00,1.0000,0.0000,1015.3
17:03:42 08/02/0024,37.758530,-122.42219,55.000,5.9000,72.800,9.2000,127.00,1.0000,0.0000,1015.3
17:03:44 08/02/0024,37.758530,-122.42227,55.099,5.1000,72.849,9.1950,128.00,1.0000,0.0000,1015.2
17:03:45 08/02/0024,37.758530,-122.42231,55.099,7.0000,72.889,9.1950,128.00,1.0000,0.0000,1015.2
17:03:47 08/02/0024,37.758495,-122.42238,54.000,7.0000,72.889,9.1950,129.00,1.0000,0.0000,1015.2
17:03:48 08/02/0024,37.758476,-122.42244,53.900,6.3000,72.900,9.1950,134.00,1.0000,0.0000,1015.2
17:03:50 08/02/0024,37.758492,-122.42251,53.000,5.9000,72.900,9.1950,137.00,1.0000,0.0000,1015.2
17:03:52 08/02/0024,37.758492,-122.42259,52.799,5.4000,72.910,9.1950,147.00,1.0000,0.0000,1015.2
17:03:53 08/02/0024,37.758488,-122.42263,52.799,5.4000,72.919,9.1950,152.00,1.0000,0.0000,1015.1
17:03:55 08/02/0024,37.758457,-122.42272,52.299,5.5000,72.940,9.1950,163.00,1.0000,0.0000,1015.1
17:03:56 08/02/0024,37.758457,-122.42274,52.299,5.5000,72.980,9.1950,174.00,1.0000,0.0000,1015.1
17:03:58 08/02/0024,37.758423,-122.42283,52.099,5.5000,73.000,9.1950,179.00,1.0000,0.0000,1015.1
17:04:00 08/02/0024,37.758400,-122.42289,52.000,5.3000,73.050,9.1900,187.00,1.0000,0.0000,1015.0
17:04:01 08/02/0024,37.758389,-122.42292,51.900,5.3000,73.080,9.1900,190.00,1.0000,0.0000,1015.0
17:04:03 08/02/0024,37.758400,-122.42304,50.099,5.2000,73.139,9.1900,191.00,1.0000,0.0000,1015.0
17:04:04 08/02/0024,37.758392,-122.42308,50.099,5.0000,73.190,9.1900,191.00,1.0000,0.0000,1015.0
17:04:06 08/02/0024,37.758389,-122.42315,50.299,4.9000,73.220,9.1900,190.00,1.0000,0.0000,1014.9
17:04:08 08/02/0024,37.758381,-122.42325,49.299,4.8000,73.269,9.1900,186.00,1.0000,0.0000,1014.9
17:04:09 08/02/0024,37.758369,-122.42329,49.299,4.8000,73.290,9.1900,184.00,1.0000,0.0000,1014.9
17:04:11 08/02/0024,37.758335,-122.42332,48.799,4.8000,73.320,9.1850,180.00,1.0000,0.0000,1014.8
17:04:12 08/02/0024,37.758312,-122.42333,48.700,4.8000,73.339,9.1850,175.00,1.0000,0.0000,1014.8
17:04:14 08/02/0024,37.758270,-122.42333,48.599,4.8000,73.370,9.1850,173.00,1.0000,0.0000,1014.7
17:04:16 08/02/0024,37.758213,-122.42333,48.599,4.8000,73.449,9.1850,169.00,1.0000,0.0000,1014.6
17:04:17 08/02/0024,37.758171,-122.42336,48.599,4.8000,73.500,9.1850,167.00,1.0000,0.0000,1014.6
17:04:19 08/02/0024,37.758114,-122.42337,48.700,4.8000,73.599,9.1850,164.00,1.0000,0.0000,1014.5
17:04:20 08/02/0024,37.758083,-122.42337,48.900,4.8000,73.650,9.1850,162.00,1.0000,0.0000,1014.4
17:04:22 08/02/0024,37.758030,-122.42336,48.900,4.8000,73.750,9.1850,160.00,1.0000,0.0000,1014.3
17:04:24 08/02/0024,37.757980,-122.42336,48.900,4.8000,73.870,9.1800,157.00,1.0000,0.0000,1014.3
17:04:25 08/02/0024,37.757965,-122.42334,49.000,4.9000,73.930,9.1800,156.00,1.0000,0.0000,1014.3
17:04:27 08/02/0024,37.757942,-122.42334,49.000,5.0000,74.050,9.1800,154.00,1.0000,0.0000,1014.2
