TimeStamp, Latitude, Longitude, Altitude, PM25, RelativeHumidity, Temperature, vocIndex, noxIndex, ButtonPress, PressurehPa16:27:42 22/11/0023,37.732925,-122.42897,83.400,9.6000,58.639,17.415,78.000,1.0000,0.0000,1020.8
16:27:42 22/11/0023,37.732925,-122.42897,83.400,9.6000,58.639,17.415,78.000,1.0000,0.0000,1020.8
16:27:44 22/11/0023,37.732922,-122.42897,83.400,9.6000,58.639,17.415,78.000,1.0000,0.0000,1020.8
16:27:44 22/11/0023,37.732922,-122.42897,83.400,9.6000,58.639,17.415,78.000,1.0000,0.0000,1020.8
16:27:44 22/11/0023,37.732922,-122.42897,83.400,9.6000,58.639,17.415,78.000,1.0000,0.0000,1020.8
16:27:44 22/11/0023,37.732922,-122.42897,83.400,9.6000,58.639,17.415,78.000,1.0000,0.0000,1020.8
16:27:44 22/11/0023,37.732922,-122.42897,83.400,9.7000,58.700,17.410,78.000,1.0000,0.0000,1020.8
16:27:44 22/11/0023,37.732922,-122.42897,83.400,9.7000,58.700,17.410,78.000,1.0000,0.0000,1020.8
16:27:45 22/11/0023,37.732922,-122.42899,83.099,9.7000,58.700,17.410,78.000,1.0000,0.0000,1020.9
16:27:45 22/11/0023,37.732922,-122.42899,83.099,9.7000,58.700,17.410,78.000,1.0000,0.0000,1020.9
16:27:45 22/11/0023,37.732922,-122.42899,83.099,9.7000,58.700,17.410,78.000,1.0000,0.0000,1020.8
16:27:45 22/11/0023,37.732922,-122.42899,83.099,9.7000,58.700,17.410,78.000,1.0000,0.0000,1020.8
16:27:45 22/11/0023,37.732922,-122.42899,83.099,9.8000,58.799,17.410,78.000,1.0000,0.0000,1020.8
16:27:45 22/11/0023,37.732922,-122.42899,83.099,9.8000,58.799,17.410,78.000,1.0000,0.0000,1020.8
16:27:45 22/11/0023,37.732922,-122.42899,83.099,9.8000,58.799,17.410,78.000,1.0000,0.0000,1020.8
16:27:45 22/11/0023,37.732922,-122.42899,83.099,9.8000,58.799,17.410,78.000,1.0000,0.0000,1020.8
16:27:46 22/11/0023,37.732922,-122.42900,83.199,9.8000,58.799,17.410,78.000,1.0000,0.0000,1020.9
16:27:46 22/11/0023,37.732922,-122.42900,83.199,9.8000,58.799,17.410,78.000,1.0000,0.0000,1020.9
16:27:46 22/11/0023,37.732922,-122.42900,83.199,9.8000,58.799,17.410,78.000,1.0000,0.0000,1020.8
16:27:46 22/11/0023,37.732922,-122.42900,83.199,9.8000,58.799,17.410,78.000,1.0000,0.0000,1020.8
16:27:46 22/11/0023,37.732922,-122.42900,83.199,9.8000,58.919,17.405,79.000,1.0000,0.0000,1020.9
16:27:46 22/11/0023,37.732922,-122.42900,83.199,9.8000,58.919,17.405,79.000,1.0000,0.0000,1020.9
16:27:47 22/11/0023,37.732929,-122.42901,83.400,9.8000,58.919,17.405,79.000,1.0000,0.0000,1020.9
16:27:47 22/11/0023,37.732929,-122.42901,83.400,9.8000,58.919,17.405,79.000,1.0000,0.0000,1020.9
16:27:47 22/11/0023,37.732929,-122.42901,83.400,9.8000,58.919,17.405,79.000,1.0000,0.0000,1020.8
16:27:47 22/11/0023,37.732929,-122.42901,83.400,9.8000,58.919,17.405,79.000,1.0000,0.0000,1020.8
16:27:47 22/11/0023,37.732929,-122.42901,83.400,9.9000,59.029,17.405,79.000,1.0000,0.0000,1020.8
16:27:47 22/11/0023,37.732929,-122.42901,83.400,9.9000,59.029,17.405,79.000,1.0000,0.0000,1020.8
16:27:47 22/11/0023,37.732929,-122.42901,83.400,9.9000,59.029,17.405,79.000,1.0000,0.0000,1020.9
16:27:47 22/11/0023,37.732929,-122.42901,83.400,9.9000,59.029,17.405,79.000,1.0000,0.0000,1020.9
16:27:48 22/11/0023,37.732933,-122.42900,83.400,9.9000,59.029,17.405,79.000,1.0000,0.0000,1020.8
16:27:48 22/11/0023,37.732933,-122.42900,83.400,9.9000,59.029,17.405,79.000,1.0000,0.0000,1020.8
16:27:48 22/11/0023,37.732933,-122.42900,83.400,9.9000,59.029,17.405,79.000,1.0000,0.0000,1020.8
16:27:48 22/11/0023,37.732933,-122.42900,83.400,9.9000,59.029,17.405,79.000,1.0000,0.0000,1020.8
16:27:48 22/11/0023,37.732933,-122.42900,83.400,10.000,59.220,17.400,80.000,1.0000,0.0000,1020.9
16:27:48 22/11/0023,37.732933,-122.42900,83.400,10.000,59.220,17.400,80.000,1.0000,0.0000,1020.9
16:27:48 22/11/0023,37.732933,-122.42900,83.400,10.000,59.220,17.400,80.000,1.0000,0.0000,1020.8
16:27:48 22/11/0023,37.732933,-122.42900,83.400,10.000,59.220,17.400,80.000,1.0000,0.0000,1020.8
16:27:49 22/11/0023,37.732933,-122.42900,83.400,10.000,59.220,17.400,80.000,1.0000,0.0000,1020.8
16:27:49 22/11/0023,37.732933,-122.42900,83.400,10.000,59.220,17.400,80.000,1.0000,0.0000,1020.8
16:27:49 22/11/0023,37.732933,-122.42900,83.400,10.000,59.439,17.400,80.000,1.0000,0.0000,1020.9
16:27:49 22/11/0023,37.732933,-122.42900,83.400,10.000,59.439,17.400,80.000,1.0000,0.0000,1020.9
16:27:49 22/11/0023,37.732933,-122.42900,83.400,10.000,59.439,17.400,80.000,1.0000,0.0000,1020.8
16:27:49 22/11/0023,37.732933,-122.42900,83.400,10.000,59.439,17.400,80.000,1.0000,0.0000,1020.8
16:27:50 22/11/0023,37.732929,-122.42899,83.400,10.000,59.439,17.400,80.000,1.0000,0.0000,1020.8
16:27:50 22/11/0023,37.732929,-122.42899,83.400,10.000,59.439,17.400,80.000,1.0000,0.0000,1020.8
16:27:50 22/11/0023,37.732929,-122.42899,83.400,10.000,59.439,17.400,80.000,1.0000,0.0000,1020.8
16:27:50 22/11/0023,37.732929,-122.42899,83.400,10.000,59.439,17.400,80.000,1.0000,0.0000,1020.8
16:27:50 22/11/0023,37.732929,-122.42899,83.400,10.000,59.590,17.395,80.000,1.0000,0.0000,1020.9
16:27:50 22/11/0023,37.732929,-122.42899,83.400,10.000,59.590,17.395,80.000,1.0000,0.0000,1020.9
16:27:50 22/11/0023,37.732929,-122.42899,83.400,10.000,59.590,17.395,80.000,1.0000,0.0000,1020.8
16:27:50 22/11/0023,37.732929,-122.42899,83.400,10.000,59.590,17.395,80.000,1.0000,0.0000,1020.8
16:27:51 22/11/0023,37.732933,-122.42897,83.500,10.000,59.590,17.395,80.000,1.0000,0.0000,1020.8
16:27:51 22/11/0023,37.732933,-122.42897,83.500,10.000,59.590,17.395,80.000,1.0000,0.0000,1020.8
16:27:51 22/11/0023,37.732933,-122.42897,83.500,10.000,59.590,17.395,80.000,1.0000,0.0000,1020.8
16:27:51 22/11/0023,37.732933,-122.42897,83.500,10.000,59.590,17.395,80.000,1.0000,0.0000,1020.8
16:27:51 22/11/0023,37.732933,-122.42897,83.500,10.100,59.700,17.395,81.000,1.0000,0.0000,1020.9
16:27:51 22/11/0023,37.732933,-122.42897,83.500,10.100,59.700,17.395,81.000,1.0000,0.0000,1020.9
16:27:52 22/11/0023,37.732933,-122.42897,83.599,10.100,59.700,17.395,81.000,1.0000,0.0000,1020.8
16:27:52 22/11/0023,37.732933,-122.42897,83.599,10.100,59.700,17.395,81.000,1.0000,0.0000,1020.8
16:27:52 22/11/0023,37.732933,-122.42897,83.599,10.100,59.700,17.395,81.000,1.0000,0.0000,1020.8
16:27:52 22/11/0023,37.732933,-122.42897,83.599,10.100,59.700,17.395,81.000,1.0000,0.0000,1020.8
16:27:52 22/11/0023,37.732933,-122.42897,83.599,10.100,59.740,17.395,81.000,1.0000,0.0000,1020.8
16:27:52 22/11/0023,37.732933,-122.42897,83.599,10.100,59.740,17.395,81.000,1.0000,0.0000,1020.8
16:27:52 22/11/0023,37.732933,-122.42897,83.599,10.100,59.740,17.395,81.000,1.0000,0.0000,1020.8
16:27:52 22/11/0023,37.732933,-122.42897,83.599,10.100,59.740,17.395,81.000,1.0000,0.0000,1020.8
16:27:53 22/11/0023,37.732937,-122.42897,83.500,10.100,59.740,17.395,81.000,1.0000,0.0000,1020.8
16:27:53 22/11/0023,37.732937,-122.42897,83.500,10.100,59.740,17.395,81.000,1.0000,0.0000,1020.8
16:27:53 22/11/0023,37.732937,-122.42897,83.500,10.100,59.740,17.395,81.000,1.0000,0.0000,1020.8
16:27:53 22/11/0023,37.732937,-122.42897,83.500,10.100,59.740,17.395,81.000,1.0000,0.0000,1020.8
16:27:53 22/11/0023,37.732937,-122.42897,83.500,10.200,59.750,17.389,81.000,1.0000,0.0000,1020.8
16:27:53 22/11/0023,37.732937,-122.42897,83.500,10.200,59.750,17.389,81.000,1.0000,0.0000,1020.8
16:27:54 22/11/0023,37.732941,-122.42897,83.500,10.200,59.750,17.389,81.000,1.0000,0.0000,1020.8
16:27:54 22/11/0023,37.732941,-122.42897,83.500,10.200,59.750,17.389,81.000,1.0000,0.0000,1020.8
16:27:54 22/11/0023,37.732941,-122.42897,83.500,10.200,59.750,17.389,81.000,1.0000,0.0000,1020.8
16:27:54 22/11/0023,37.732941,-122.42897,83.500,10.200,59.750,17.389,81.000,1.0000,0.0000,1020.8
16:27:54 22/11/0023,37.732941,-122.42897,83.500,10.200,59.730,17.389,81.000,1.0000,0.0000,1020.8
16:27:54 22/11/0023,37.732941,-122.42897,83.500,10.200,59.730,17.389,81.000,1.0000,0.0000,1020.8
16:27:54 22/11/0023,37.732941,-122.42897,83.500,10.200,59.730,17.389,81.000,1.0000,0.0000,1020.8
16:27:54 22/11/0023,37.732941,-122.42897,83.500,10.200,59.730,17.389,81.000,1.0000,0.0000,1020.8
16:27:55 22/11/0023,37.732948,-122.42896,83.300,10.200,59.730,17.389,81.000,1.0000,0.0000,1020.8
16:27:55 22/11/0023,37.732948,-122.42896,83.300,10.200,59.730,17.389,81.000,1.0000,0.0000,1020.8
16:27:55 22/11/0023,37.732948,-122.42896,83.300,10.200,59.730,17.389,81.000,1.0000,0.0000,1020.8
16:27:55 22/11/0023,37.732948,-122.42896,83.300,10.200,59.730,17.389,81.000,1.0000,0.0000,1020.8
16:27:55 22/11/0023,37.732948,-122.42896,83.300,10.100,59.689,17.389,81.000,1.0000,0.0000,1020.8
16:27:55 22/11/0023,37.732948,-122.42896,83.300,10.100,59.689,17.389,81.000,1.0000,0.0000,1020.8
16:27:56 22/11/0023,37.732952,-122.42896,83.300,10.100,59.689,17.389,81.000,1.0000,0.0000,1020.8
16:27:56 22/11/0023,37.732952,-122.42896,83.300,10.100,59.689,17.389,81.000,1.0000,0.0000,1020.8
16:27:56 22/11/0023,37.732952,-122.42896,83.300,10.100,59.689,17.389,81.000,1.0000,0.0000,1020.8
16:27:56 22/11/0023,37.732952,-122.42896,83.300,10.100,59.689,17.389,81.000,1.0000,0.0000,1020.8
16:27:56 22/11/0023,37.732952,-122.42896,83.300,10.200,59.639,17.385,81.000,1.0000,0.0000,1020.8
16:27:56 22/11/0023,37.732952,-122.42896,83.300,10.200,59.639,17.385,81.000,1.0000,0.0000,1020.8
16:27:56 22/11/0023,37.732952,-122.42896,83.300,10.200,59.639,17.385,81.000,1.0000,0.0000,1020.9
16:27:56 22/11/0023,37.732952,-122.42896,83.300,10.200,59.639,17.385,81.000,1.0000,0.0000,1020.9
16:27:57 22/11/0023,37.732952,-122.42897,83.500,10.200,59.639,17.385,81.000,1.0000,0.0000,1020.8
16:27:57 22/11/0023,37.732952,-122.42897,83.500,10.200,59.639,17.385,81.000,1.0000,0.0000,1020.8
16:27:57 22/11/0023,37.732952,-122.42897,83.500,10.200,59.639,17.385,81.000,1.0000,0.0000,1020.8
16:27:57 22/11/0023,37.732952,-122.42897,83.500,10.200,59.639,17.385,81.000,1.0000,0.0000,1020.8
16:27:57 22/11/0023,37.732952,-122.42897,83.500,10.100,59.580,17.385,81.000,1.0000,0.0000,1020.8
16:27:57 22/11/0023,37.732952,-122.42897,83.500,10.100,59.580,17.385,81.000,1.0000,0.0000,1020.8
16:27:58 22/11/0023,37.732964,-122.42899,83.900,10.100,59.580,17.385,81.000,1.0000,0.0000,1020.8
16:27:58 22/11/0023,37.732964,-122.42899,83.900,10.100,59.580,17.385,81.000,1.0000,0.0000,1020.8
16:27:58 22/11/0023,37.732964,-122.42899,83.900,10.100,59.580,17.385,81.000,1.0000,0.0000,1020.8
16:27:58 22/11/0023,37.732964,-122.42899,83.900,10.100,59.580,17.385,81.000,1.0000,0.0000,1020.8
16:27:58 22/11/0023,37.732964,-122.42899,83.900,10.200,59.509,17.385,81.000,1.0000,0.0000,1020.8
16:27:58 22/11/0023,37.732964,-122.42899,83.900,10.200,59.509,17.385,81.000,1.0000,0.0000,1020.8
16:27:58 22/11/0023,37.732964,-122.42899,83.900,10.200,59.509,17.385,81.000,1.0000,0.0000,1020.8
16:27:58 22/11/0023,37.732964,-122.42899,83.900,10.200,59.509,17.385,81.000,1.0000,0.0000,1020.8
16:27:59 22/11/0023,37.732971,-122.42899,84.000,10.200,59.509,17.385,81.000,1.0000,0.0000,1020.8
16:27:59 22/11/0023,37.732971,-122.42899,84.000,10.200,59.509,17.385,81.000,1.0000,0.0000,1020.8
16:27:59 22/11/0023,37.732971,-122.42899,84.000,10.200,59.509,17.385,81.000,1.0000,0.0000,1020.8
16:27:59 22/11/0023,37.732971,-122.42899,84.000,10.200,59.509,17.385,81.000,1.0000,0.0000,1020.8
16:27:59 22/11/0023,37.732971,-122.42899,84.000,10.100,59.450,17.379,81.000,1.0000,0.0000,1020.8
16:27:59 22/11/0023,37.732971,-122.42899,84.000,10.100,59.450,17.379,81.000,1.0000,0.0000,1020.8
16:28:00 22/11/0023,37.732994,-122.42896,84.199,10.100,59.450,17.379,81.000,1.0000,0.0000,1020.8
16:28:00 22/11/0023,37.732994,-122.42896,84.199,10.100,59.450,17.379,81.000,1.0000,0.0000,1020.8
16:28:00 22/11/0023,37.732994,-122.42896,84.199,10.100,59.450,17.379,81.000,1.0000,0.0000,1020.8
16:28:00 22/11/0023,37.732994,-122.42896,84.199,10.100,59.450,17.379,81.000,1.0000,0.0000,1020.8
16:28:00 22/11/0023,37.732994,-122.42896,84.199,10.100,59.450,17.379,81.000,1.0000,0.0000,1020.7
16:28:00 22/11/0023,37.732994,-122.42896,84.199,10.100,59.450,17.379,81.000,1.0000,0.0000,1020.7
16:28:00 22/11/0023,37.732994,-122.42896,84.199,10.100,59.380,17.379,81.000,1.0000,0.0000,1020.8
16:28:00 22/11/0023,37.732994,-122.42896,84.199,10.100,59.380,17.379,81.000,1.0000,0.0000,1020.8
16:28:01 22/11/0023,37.733009,-122.42897,84.500,10.100,59.380,17.379,81.000,1.0000,0.0000,1020.7
16:28:01 22/11/0023,37.733009,-122.42897,84.500,10.100,59.380,17.379,81.000,1.0000,0.0000,1020.7
16:28:01 22/11/0023,37.733009,-122.42897,84.500,10.100,59.380,17.379,81.000,1.0000,0.0000,1020.7
16:28:01 22/11/0023,37.733009,-122.42897,84.500,10.100,59.380,17.379,81.000,1.0000,0.0000,1020.7
16:28:01 22/11/0023,37.733009,-122.42897,84.500,10.100,59.310,17.379,81.000,1.0000,0.0000,1020.7
16:28:01 22/11/0023,37.733009,-122.42897,84.500,10.100,59.310,17.379,81.000,1.0000,0.0000,1020.7
16:28:01 22/11/0023,37.733009,-122.42897,84.500,10.100,59.310,17.379,81.000,1.0000,0.0000,1020.8
16:28:01 22/11/0023,37.733009,-122.42897,84.500,10.100,59.310,17.379,81.000,1.0000,0.0000,1020.8
16:28:02 22/11/0023,37.733017,-122.42896,84.099,10.100,59.310,17.379,81.000,1.0000,0.0000,1020.7
16:28:02 22/11/0023,37.733017,-122.42896,84.099,10.100,59.310,17.379,81.000,1.0000,0.0000,1020.7
16:28:02 22/11/0023,37.733017,-122.42896,84.099,10.100,59.310,17.379,81.000,1.0000,0.0000,1020.7
16:28:02 22/11/0023,37.733017,-122.42896,84.099,10.100,59.310,17.379,81.000,1.0000,0.0000,1020.7
16:28:02 22/11/0023,37.733017,-122.42896,84.099,10.000,59.250,17.379,81.000,1.0000,0.0000,1020.8
16:28:02 22/11/0023,37.733017,-122.42896,84.099,10.000,59.250,17.379,81.000,1.0000,0.0000,1020.8
16:28:03 22/11/0023,37.733032,-122.42899,83.000,10.000,59.250,17.379,81.000,1.0000,0.0000,1020.7
16:28:03 22/11/0023,37.733032,-122.42899,83.000,10.000,59.250,17.379,81.000,1.0000,0.0000,1020.7
16:28:03 22/11/0023,37.733032,-122.42899,83.000,10.000,59.250,17.379,81.000,1.0000,0.0000,1020.7
16:28:03 22/11/0023,37.733032,-122.42899,83.000,10.000,59.250,17.379,81.000,1.0000,0.0000,1020.7
16:28:03 22/11/0023,37.733032,-122.42899,83.000,10.000,59.180,17.379,81.000,1.0000,0.0000,1020.7
16:28:03 22/11/0023,37.733032,-122.42899,83.000,10.000,59.180,17.379,81.000,1.0000,0.0000,1020.7
16:28:04 22/11/0023,37.733051,-122.42897,81.500,10.000,59.180,17.379,81.000,1.0000,0.0000,1020.7
16:28:04 22/11/0023,37.733051,-122.42897,81.500,10.000,59.180,17.379,81.000,1.0000,0.0000,1020.7
16:28:04 22/11/0023,37.733051,-122.42897,81.500,10.000,59.180,17.379,81.000,1.0000,0.0000,1020.7
16:28:04 22/11/0023,37.733051,-122.42897,81.500,10.000,59.180,17.379,81.000,1.0000,0.0000,1020.7
16:28:04 22/11/0023,37.733051,-122.42897,81.500,10.000,59.180,17.379,81.000,1.0000,0.0000,1020.7
16:28:04 22/11/0023,37.733051,-122.42897,81.500,10.000,59.180,17.379,81.000,1.0000,0.0000,1020.7
16:28:04 22/11/0023,37.733051,-122.42897,81.500,10.000,59.110,17.375,81.000,1.0000,0.0000,1020.7
16:28:04 22/11/0023,37.733051,-122.42897,81.500,10.000,59.110,17.375,81.000,1.0000,0.0000,1020.7
16:28:05 22/11/0023,37.733070,-122.42896,81.000,10.000,59.110,17.375,81.000,1.0000,0.0000,1020.7
16:28:05 22/11/0023,37.733070,-122.42896,81.000,10.000,59.110,17.375,81.000,1.0000,0.0000,1020.7
16:28:05 22/11/0023,37.733070,-122.42896,81.000,10.000,59.110,17.375,81.000,1.0000,0.0000,1020.7
16:28:05 22/11/0023,37.733070,-122.42896,81.000,10.000,59.110,17.375,81.000,1.0000,0.0000,1020.7
16:28:05 22/11/0023,37.733070,-122.42896,81.000,9.9000,59.049,17.375,81.000,1.0000,0.0000,1020.6
16:28:05 22/11/0023,37.733070,-122.42896,81.000,9.9000,59.049,17.375,81.000,1.0000,0.0000,1020.6
16:28:05 22/11/0023,37.733070,-122.42896,81.000,9.9000,59.049,17.375,81.000,1.0000,0.0000,1020.7
16:28:05 22/11/0023,37.733070,-122.42896,81.000,9.9000,59.049,17.375,81.000,1.0000,0.0000,1020.7
16:28:06 22/11/0023,37.733093,-122.42897,81.800,9.9000,59.049,17.375,81.000,1.0000,0.0000,1020.6
16:28:06 22/11/0023,37.733093,-122.42897,81.800,9.9000,59.049,17.375,81.000,1.0000,0.0000,1020.6
16:28:06 22/11/0023,37.733093,-122.42897,81.800,9.9000,59.049,17.375,81.000,1.0000,0.0000,1020.6
16:28:06 22/11/0023,37.733093,-122.42897,81.800,9.9000,59.049,17.375,81.000,1.0000,0.0000,1020.6
16:28:06 22/11/0023,37.733093,-122.42897,81.800,9.9000,58.980,17.375,81.000,1.0000,0.0000,1020.6
16:28:06 22/11/0023,37.733093,-122.42897,81.800,9.9000,58.980,17.375,81.000,1.0000,0.0000,1020.6
16:28:07 22/11/0023,37.733124,-122.42899,82.599,9.9000,58.980,17.375,81.000,1.0000,0.0000,1020.6
16:28:07 22/11/0023,37.733124,-122.42899,82.599,9.9000,58.980,17.375,81.000,1.0000,0.0000,1020.6
16:28:07 22/11/0023,37.733124,-122.42899,82.599,9.9000,58.980,17.375,81.000,1.0000,0.0000,1020.6
16:28:07 22/11/0023,37.733124,-122.42899,82.599,9.9000,58.980,17.375,81.000,1.0000,0.0000,1020.6
16:28:07 22/11/0023,37.733124,-122.42899,82.599,9.9000,58.980,17.375,81.000,1.0000,0.0000,1020.6
16:28:07 22/11/0023,37.733124,-122.42899,82.599,9.9000,58.980,17.375,81.000,1.0000,0.0000,1020.6
16:28:07 22/11/0023,37.733124,-122.42899,82.599,9.8000,58.919,17.375,81.000,1.0000,0.0000,1020.6
16:28:07 22/11/0023,37.733124,-122.42899,82.599,9.8000,58.919,17.375,81.000,1.0000,0.0000,1020.6
16:28:08 22/11/0023,37.733150,-122.42900,83.199,9.8000,58.919,17.375,81.000,1.0000,0.0000,1020.6
16:28:08 22/11/0023,37.733150,-122.42900,83.199,9.8000,58.919,17.375,81.000,1.0000,0.0000,1020.6
16:28:08 22/11/0023,37.733150,-122.42900,83.199,9.8000,58.919,17.375,81.000,1.0000,0.0000,1020.6
16:28:08 22/11/0023,37.733150,-122.42900,83.199,9.8000,58.919,17.375,81.000,1.0000,0.0000,1020.6
16:28:08 22/11/0023,37.733150,-122.42900,83.199,9.8000,58.849,17.370,81.000,1.0000,0.0000,1020.5
16:28:08 22/11/0023,37.733150,-122.42900,83.199,9.8000,58.849,17.370,81.000,1.0000,0.0000,1020.5
16:28:09 22/11/0023,37.733181,-122.42901,83.199,9.8000,58.849,17.370,81.000,1.0000,0.0000,1020.5
16:28:09 22/11/0023,37.733181,-122.42901,83.199,9.8000,58.849,17.370,81.000,1.0000,0.0000,1020.5
16:28:09 22/11/0023,37.733181,-122.42901,83.199,9.8000,58.849,17.370,81.000,1.0000,0.0000,1020.5
16:28:09 22/11/0023,37.733181,-122.42901,83.199,9.8000,58.849,17.370,81.000,1.0000,0.0000,1020.5
16:28:09 22/11/0023,37.733181,-122.42901,83.199,9.8000,58.849,17.370,81.000,1.0000,0.0000,1020.5
16:28:09 22/11/0023,37.733181,-122.42901,83.199,9.8000,58.849,17.370,81.000,1.0000,0.0000,1020.5
16:28:09 22/11/0023,37.733181,-122.42901,83.199,9.7000,58.790,17.370,81.000,1.0000,0.0000,1020.5
16:28:09 22/11/0023,37.733181,-122.42901,83.199,9.7000,58.790,17.370,81.000,1.0000,0.0000,1020.5
16:28:10 22/11/0023,37.733212,-122.42900,82.900,9.7000,58.790,17.370,81.000,1.0000,0.0000,1020.5
16:28:10 22/11/0023,37.733212,-122.42900,82.900,9.7000,58.790,17.370,81.000,1.0000,0.0000,1020.5
16:28:10 22/11/0023,37.733212,-122.42900,82.900,9.7000,58.790,17.370,81.000,1.0000,0.0000,1020.4
16:28:10 22/11/0023,37.733212,-122.42900,82.900,9.7000,58.790,17.370,81.000,1.0000,0.0000,1020.4
16:28:10 22/11/0023,37.733212,-122.42900,82.900,9.6000,58.730,17.370,81.000,1.0000,0.0000,1020.5
16:28:10 22/11/0023,37.733212,-122.42900,82.900,9.6000,58.730,17.370,81.000,1.0000,0.0000,1020.5
16:28:11 22/11/0023,37.733231,-122.42901,83.000,9.6000,58.730,17.370,81.000,1.0000,0.0000,1020.4
16:28:11 22/11/0023,37.733231,-122.42901,83.000,9.6000,58.730,17.370,81.000,1.0000,0.0000,1020.4
16:28:11 22/11/0023,37.733231,-122.42901,83.000,9.6000,58.730,17.370,81.000,1.0000,0.0000,1020.4
16:28:11 22/11/0023,37.733231,-122.42901,83.000,9.6000,58.730,17.370,81.000,1.0000,0.0000,1020.4
16:28:11 22/11/0023,37.733231,-122.42901,83.000,9.6000,58.730,17.370,81.000,1.0000,0.0000,1020.4
16:28:11 22/11/0023,37.733231,-122.42901,83.000,9.6000,58.730,17.370,81.000,1.0000,0.0000,1020.4
16:28:11 22/11/0023,37.733231,-122.42901,83.000,9.5000,58.680,17.365,80.000,1.0000,0.0000,1020.4
16:28:11 22/11/0023,37.733231,-122.42901,83.000,9.5000,58.680,17.365,80.000,1.0000,0.0000,1020.4
16:28:12 22/11/0023,37.733257,-122.42901,82.900,9.5000,58.680,17.365,80.000,1.0000,0.0000,1020.4
16:28:12 22/11/0023,37.733257,-122.42901,82.900,9.5000,58.680,17.365,80.000,1.0000,0.0000,1020.4
16:28:12 22/11/0023,37.733257,-122.42901,82.900,9.5000,58.680,17.365,80.000,1.0000,0.0000,1020.4
16:28:12 22/11/0023,37.733257,-122.42901,82.900,9.5000,58.680,17.365,80.000,1.0000,0.0000,1020.4
16:28:12 22/11/0023,37.733257,-122.42901,82.900,9.4000,58.619,17.360,80.000,1.0000,0.0000,1020.3
16:28:12 22/11/0023,37.733257,-122.42901,82.900,9.4000,58.619,17.360,80.000,1.0000,0.0000,1020.3
16:28:13 22/11/0023,37.733276,-122.42901,82.500,9.4000,58.619,17.360,80.000,1.0000,0.0000,1020.3
16:28:13 22/11/0023,37.733276,-122.42901,82.500,9.4000,58.619,17.360,80.000,1.0000,0.0000,1020.3
16:28:13 22/11/0023,37.733276,-122.42901,82.500,9.4000,58.619,17.360,80.000,1.0000,0.0000,1020.4
16:28:13 22/11/0023,37.733276,-122.42901,82.500,9.4000,58.619,17.360,80.000,1.0000,0.0000,1020.4
16:28:13 22/11/0023,37.733276,-122.42901,82.500,9.4000,58.619,17.360,80.000,1.0000,0.0000,1020.4
16:28:13 22/11/0023,37.733276,-122.42901,82.500,9.4000,58.619,17.360,80.000,1.0000,0.0000,1020.4
16:28:13 22/11/0023,37.733276,-122.42901,82.500,9.4000,58.580,17.360,80.000,1.0000,0.0000,1020.3
16:28:13 22/11/0023,37.733276,-122.42901,82.500,9.4000,58.580,17.360,80.000,1.0000,0.0000,1020.3
16:28:14 22/11/0023,37.733311,-122.42897,82.099,9.4000,58.580,17.360,80.000,1.0000,0.0000,1020.3
16:28:14 22/11/0023,37.733311,-122.42897,82.099,9.4000,58.580,17.360,80.000,1.0000,0.0000,1020.3
16:28:14 22/11/0023,37.733311,-122.42897,82.099,9.4000,58.580,17.360,80.000,1.0000,0.0000,1020.4
16:28:14 22/11/0023,37.733311,-122.42897,82.099,9.4000,58.580,17.360,80.000,1.0000,0.0000,1020.4
16:28:14 22/11/0023,37.733311,-122.42897,82.099,9.3000,58.529,17.355,80.000,1.0000,0.0000,1020.3
16:28:14 22/11/0023,37.733311,-122.42897,82.099,9.3000,58.529,17.355,80.000,1.0000,0.0000,1020.3
16:28:14 22/11/0023,37.733311,-122.42897,82.099,9.3000,58.529,17.355,80.000,1.0000,0.0000,1020.3
16:28:14 22/11/0023,37.733311,-122.42897,82.099,9.3000,58.529,17.355,80.000,1.0000,0.0000,1020.3
16:28:15 22/11/0023,37.733341,-122.42895,81.199,9.3000,58.529,17.355,80.000,1.0000,0.0000,1020.4
16:28:15 22/11/0023,37.733341,-122.42895,81.199,9.3000,58.529,17.355,80.000,1.0000,0.0000,1020.4
16:28:15 22/11/0023,37.733341,-122.42895,81.199,9.3000,58.529,17.355,80.000,1.0000,0.0000,1020.3
16:28:15 22/11/0023,37.733341,-122.42895,81.199,9.3000,58.529,17.355,80.000,1.0000,0.0000,1020.3
16:28:15 22/11/0023,37.733341,-122.42895,81.199,9.2000,58.500,17.350,80.000,1.0000,0.0000,1020.3
16:28:15 22/11/0023,37.733341,-122.42895,81.199,9.2000,58.500,17.350,80.000,1.0000,0.0000,1020.3
16:28:16 22/11/0023,37.733368,-122.42895,80.699,9.2000,58.500,17.350,80.000,1.0000,0.0000,1020.3
16:28:16 22/11/0023,37.733368,-122.42895,80.699,9.2000,58.500,17.350,80.000,1.0000,0.0000,1020.3
16:28:16 22/11/0023,37.733368,-122.42895,80.699,9.2000,58.500,17.350,80.000,1.0000,0.0000,1020.3
16:28:16 22/11/0023,37.733368,-122.42895,80.699,9.2000,58.500,17.350,80.000,1.0000,0.0000,1020.3
16:28:16 22/11/0023,37.733368,-122.42895,80.699,9.2000,58.500,17.350,80.000,1.0000,0.0000,1020.3
16:28:16 22/11/0023,37.733368,-122.42895,80.699,9.2000,58.500,17.350,80.000,1.0000,0.0000,1020.3
16:28:16 22/11/0023,37.733368,-122.42895,80.699,9.2000,58.459,17.344,80.000,1.0000,0.0000,1020.3
16:28:16 22/11/0023,37.733368,-122.42895,80.699,9.2000,58.459,17.344,80.000,1.0000,0.0000,1020.3
16:28:17 22/11/0023,37.733391,-122.42895,79.300,9.2000,58.459,17.344,80.000,1.0000,0.0000,1020.3
16:28:17 22/11/0023,37.733391,-122.42895,79.300,9.2000,58.459,17.344,80.000,1.0000,0.0000,1020.3
16:28:17 22/11/0023,37.733391,-122.42895,79.300,9.2000,58.459,17.344,80.000,1.0000,0.0000,1020.4
16:28:17 22/11/0023,37.733391,-122.42895,79.300,9.2000,58.459,17.344,80.000,1.0000,0.0000,1020.4
16:28:17 22/11/0023,37.733391,-122.42895,79.300,9.2000,58.430,17.340,80.000,1.0000,0.0000,1020.3
16:28:17 22/11/0023,37.733391,-122.42895,79.300,9.2000,58.430,17.340,80.000,1.0000,0.0000,1020.3
16:28:18 22/11/0023,37.733414,-122.42897,78.699,9.2000,58.430,17.340,80.000,1.0000,0.0000,1020.3
16:28:18 22/11/0023,37.733414,-122.42897,78.699,9.2000,58.430,17.340,80.000,1.0000,0.0000,1020.3
16:28:18 22/11/0023,37.733414,-122.42897,78.699,9.2000,58.430,17.340,80.000,1.0000,0.0000,1020.4
16:28:18 22/11/0023,37.733414,-122.42897,78.699,9.2000,58.430,17.340,80.000,1.0000,0.0000,1020.4
16:28:18 22/11/0023,37.733414,-122.42897,78.699,9.2000,58.430,17.340,80.000,1.0000,0.0000,1020.3
16:28:18 22/11/0023,37.733414,-122.42897,78.699,9.2000,58.430,17.340,80.000,1.0000,0.0000,1020.3
16:28:18 22/11/0023,37.733414,-122.42897,78.699,9.2000,58.400,17.334,80.000,1.0000,0.0000,1020.3
16:28:18 22/11/0023,37.733414,-122.42897,78.699,9.2000,58.400,17.334,80.000,1.0000,0.0000,1020.3
16:28:19 22/11/0023,37.733429,-122.42903,78.800,9.2000,58.400,17.334,80.000,1.0000,0.0000,1020.3
16:28:19 22/11/0023,37.733429,-122.42903,78.800,9.2000,58.400,17.334,80.000,1.0000,0.0000,1020.3
16:28:19 22/11/0023,37.733429,-122.42903,78.800,9.2000,58.400,17.334,80.000,1.0000,0.0000,1020.3
16:28:19 22/11/0023,37.733429,-122.42903,78.800,9.2000,58.400,17.334,80.000,1.0000,0.0000,1020.3
16:28:19 22/11/0023,37.733429,-122.42903,78.800,9.1000,58.369,17.330,80.000,1.0000,0.0000,1020.3
16:28:19 22/11/0023,37.733429,-122.42903,78.800,9.1000,58.369,17.330,80.000,1.0000,0.0000,1020.3
16:28:20 22/11/0023,37.733440,-122.42905,78.599,9.1000,58.369,17.330,80.000,1.0000,0.0000,1020.3
16:28:20 22/11/0023,37.733440,-122.42905,78.599,9.1000,58.369,17.330,80.000,1.0000,0.0000,1020.3
16:28:20 22/11/0023,37.733440,-122.42905,78.599,9.1000,58.369,17.330,80.000,1.0000,0.0000,1020.3
16:28:20 22/11/0023,37.733440,-122.42905,78.599,9.1000,58.369,17.330,80.000,1.0000,0.0000,1020.3
16:28:20 22/11/0023,37.733440,-122.42905,78.599,9.1000,58.369,17.330,80.000,1.0000,0.0000,1020.3
16:28:20 22/11/0023,37.733440,-122.42905,78.599,9.1000,58.369,17.330,80.000,1.0000,0.0000,1020.3
16:28:20 22/11/0023,37.733440,-122.42905,78.599,9.2000,58.349,17.320,80.000,1.0000,0.0000,1020.2
16:28:20 22/11/0023,37.733440,-122.42905,78.599,9.2000,58.349,17.320,80.000,1.0000,0.0000,1020.2
16:28:21 22/11/0023,37.733448,-122.42909,78.400,9.2000,58.349,17.320,80.000,1.0000,0.0000,1020.2
16:28:21 22/11/0023,37.733448,-122.42909,78.400,9.2000,58.349,17.320,80.000,1.0000,0.0000,1020.2
16:28:21 22/11/0023,37.733448,-122.42909,78.400,9.2000,58.349,17.320,80.000,1.0000,0.0000,1020.2
16:28:21 22/11/0023,37.733448,-122.42909,78.400,9.2000,58.349,17.320,80.000,1.0000,0.0000,1020.2
16:28:21 22/11/0023,37.733448,-122.42909,78.400,9.2000,58.330,17.315,80.000,1.0000,0.0000,1020.2
16:28:21 22/11/0023,37.733448,-122.42909,78.400,9.2000,58.330,17.315,80.000,1.0000,0.0000,1020.2
16:28:22 22/11/0023,37.733452,-122.42912,78.099,9.2000,58.330,17.315,80.000,1.0000,0.0000,1020.2
16:28:22 22/11/0023,37.733452,-122.42912,78.099,9.2000,58.330,17.315,80.000,1.0000,0.0000,1020.2
16:28:22 22/11/0023,37.733452,-122.42912,78.099,9.2000,58.330,17.315,80.000,1.0000,0.0000,1020.1
16:28:22 22/11/0023,37.733452,-122.42912,78.099,9.2000,58.330,17.315,80.000,1.0000,0.0000,1020.1
16:28:22 22/11/0023,37.733452,-122.42912,78.099,9.2000,58.330,17.315,80.000,1.0000,0.0000,1020.1
16:28:22 22/11/0023,37.733452,-122.42912,78.099,9.2000,58.330,17.315,80.000,1.0000,0.0000,1020.1
16:28:22 22/11/0023,37.733452,-122.42912,78.099,9.3000,58.310,17.305,80.000,1.0000,0.0000,1020.1
16:28:22 22/11/0023,37.733452,-122.42912,78.099,9.3000,58.310,17.305,80.000,1.0000,0.0000,1020.1
16:28:23 22/11/0023,37.733448,-122.42916,77.800,9.3000,58.310,17.305,80.000,1.0000,0.0000,1020.2
16:28:23 22/11/0023,37.733448,-122.42916,77.800,9.3000,58.310,17.305,80.000,1.0000,0.0000,1020.2
16:28:23 22/11/0023,37.733448,-122.42916,77.800,9.3000,58.310,17.305,80.000,1.0000,0.0000,1020.1
16:28:23 22/11/0023,37.733448,-122.42916,77.800,9.3000,58.310,17.305,80.000,1.0000,0.0000,1020.1
16:28:23 22/11/0023,37.733448,-122.42916,77.800,9.3000,58.310,17.305,80.000,1.0000,0.0000,1020.1
16:28:23 22/11/0023,37.733448,-122.42916,77.800,9.3000,58.310,17.305,80.000,1.0000,0.0000,1020.1
16:28:24 22/11/0023,37.733448,-122.42920,77.400,9.3000,58.299,17.295,80.000,1.0000,0.0000,1020.1
16:28:24 22/11/0023,37.733448,-122.42920,77.400,9.3000,58.299,17.295,80.000,1.0000,0.0000,1020.1
16:28:24 22/11/0023,37.733448,-122.42920,77.400,9.3000,58.299,17.295,80.000,1.0000,0.0000,1020.1
16:28:24 22/11/0023,37.733448,-122.42920,77.400,9.3000,58.299,17.295,80.000,1.0000,0.0000,1020.1
16:28:24 22/11/0023,37.733448,-122.42920,77.400,9.3000,58.299,17.295,80.000,1.0000,0.0000,1020.0
16:28:24 22/11/0023,37.733448,-122.42920,77.400,9.3000,58.299,17.295,80.000,1.0000,0.0000,1020.0
16:28:24 22/11/0023,37.733448,-122.42920,77.400,9.4000,58.290,17.280,80.000,1.0000,0.0000,1020.1
16:28:24 22/11/0023,37.733448,-122.42920,77.400,9.4000,58.290,17.280,80.000,1.0000,0.0000,1020.1
16:28:25 22/11/0023,37.733444,-122.42924,77.599,9.4000,58.290,17.280,80.000,1.0000,0.0000,1020.0
16:28:25 22/11/0023,37.733444,-122.42924,77.599,9.4000,58.290,17.280,80.000,1.0000,0.0000,1020.0
16:28:25 22/11/0023,37.733444,-122.42924,77.599,9.4000,58.290,17.280,80.000,1.0000,0.0000,1020.0
16:28:25 22/11/0023,37.733444,-122.42924,77.599,9.4000,58.290,17.280,80.000,1.0000,0.0000,1020.0
16:28:25 22/11/0023,37.733444,-122.42924,77.599,9.4000,58.290,17.280,80.000,1.0000,0.0000,1020.0
16:28:25 22/11/0023,37.733444,-122.42924,77.599,9.4000,58.290,17.280,80.000,1.0000,0.0000,1020.0
16:28:26 22/11/0023,37.733437,-122.42928,78.099,9.5000,58.299,17.270,80.000,1.0000,0.0000,1020.0
16:28:26 22/11/0023,37.733437,-122.42928,78.099,9.5000,58.299,17.270,80.000,1.0000,0.0000,1020.0
16:28:26 22/11/0023,37.733437,-122.42928,78.099,9.5000,58.299,17.270,80.000,1.0000,0.0000,1020.0
16:28:26 22/11/0023,37.733437,-122.42928,78.099,9.5000,58.299,17.270,80.000,1.0000,0.0000,1020.0
16:28:26 22/11/0023,37.733437,-122.42928,78.099,9.5000,58.299,17.270,80.000,1.0000,0.0000,1020.0
16:28:26 22/11/0023,37.733437,-122.42928,78.099,9.5000,58.299,17.270,80.000,1.0000,0.0000,1020.0
16:28:26 22/11/0023,37.733437,-122.42928,78.099,9.6000,58.290,17.250,80.000,1.0000,0.0000,1020.0
16:28:26 22/11/0023,37.733437,-122.42928,78.099,9.6000,58.290,17.250,80.000,1.0000,0.0000,1020.0
16:28:27 22/11/0023,37.733429,-122.42933,78.699,9.6000,58.290,17.250,80.000,1.0000,0.0000,1020.0
16:28:27 22/11/0023,37.733429,-122.42933,78.699,9.6000,58.290,17.250,80.000,1.0000,0.0000,1020.0
16:28:27 22/11/0023,37.733429,-122.42933,78.699,9.6000,58.290,17.250,80.000,1.0000,0.0000,1019.9
16:28:27 22/11/0023,37.733429,-122.42933,78.699,9.6000,58.290,17.250,80.000,1.0000,0.0000,1019.9
16:28:27 22/11/0023,37.733429,-122.42933,78.699,9.6000,58.290,17.250,80.000,1.0000,0.0000,1020.0
16:28:27 22/11/0023,37.733429,-122.42933,78.699,9.6000,58.290,17.250,80.000,1.0000,0.0000,1020.0
16:28:27 22/11/0023,37.733429,-122.42933,78.699,9.7000,58.299,17.235,80.000,1.0000,0.0000,1019.9
16:28:27 22/11/0023,37.733429,-122.42933,78.699,9.7000,58.299,17.235,80.000,1.0000,0.0000,1019.9
16:28:28 22/11/0023,37.733421,-122.42939,79.599,9.7000,58.299,17.235,80.000,1.0000,0.0000,1020.0
16:28:28 22/11/0023,37.733421,-122.42939,79.599,9.7000,58.299,17.235,80.000,1.0000,0.0000,1020.0
16:28:28 22/11/0023,37.733421,-122.42939,79.599,9.7000,58.299,17.235,80.000,1.0000,0.0000,1019.9
16:28:28 22/11/0023,37.733421,-122.42939,79.599,9.7000,58.299,17.235,80.000,1.0000,0.0000,1019.9
16:28:28 22/11/0023,37.733421,-122.42939,79.599,9.7000,58.310,17.215,80.000,1.0000,0.0000,1019.9
16:28:28 22/11/0023,37.733421,-122.42939,79.599,9.7000,58.310,17.215,80.000,1.0000,0.0000,1019.9
16:28:29 22/11/0023,37.733410,-122.42944,80.599,9.7000,58.310,17.215,80.000,1.0000,0.0000,1019.8
16:28:29 22/11/0023,37.733410,-122.42944,80.599,9.7000,58.310,17.215,80.000,1.0000,0.0000,1019.8
16:28:29 22/11/0023,37.733410,-122.42944,80.599,9.7000,58.310,17.215,80.000,1.0000,0.0000,1019.8
16:28:29 22/11/0023,37.733410,-122.42944,80.599,9.7000,58.310,17.215,80.000,1.0000,0.0000,1019.8
16:28:29 22/11/0023,37.733410,-122.42944,80.599,9.7000,58.310,17.215,80.000,1.0000,0.0000,1019.9
16:28:29 22/11/0023,37.733410,-122.42944,80.599,9.7000,58.310,17.215,80.000,1.0000,0.0000,1019.9
16:28:29 22/11/0023,37.733410,-122.42944,80.599,9.7000,58.320,17.195,80.000,1.0000,0.0000,1019.8
16:28:29 22/11/0023,37.733410,-122.42944,80.599,9.7000,58.320,17.195,80.000,1.0000,0.0000,1019.8
16:28:30 22/11/0023,37.733398,-122.42948,81.000,9.7000,58.320,17.195,80.000,1.0000,0.0000,1019.8
16:28:30 22/11/0023,37.733398,-122.42948,81.000,9.7000,58.320,17.195,80.000,1.0000,0.0000,1019.8
16:28:30 22/11/0023,37.733398,-122.42948,81.000,9.7000,58.320,17.195,80.000,1.0000,0.0000,1019.8
16:28:30 22/11/0023,37.733398,-122.42948,81.000,9.7000,58.320,17.195,80.000,1.0000,0.0000,1019.8
16:28:30 22/11/0023,37.733398,-122.42948,81.000,9.6000,58.340,17.170,80.000,1.0000,0.0000,1019.8
16:28:30 22/11/0023,37.733398,-122.42948,81.000,9.6000,58.340,17.170,80.000,1.0000,0.0000,1019.8
16:28:31 22/11/0023,37.733387,-122.42952,81.199,9.6000,58.340,17.170,80.000,1.0000,0.0000,1019.8
16:28:31 22/11/0023,37.733387,-122.42952,81.199,9.6000,58.340,17.170,80.000,1.0000,0.0000,1019.8
16:28:31 22/11/0023,37.733387,-122.42952,81.199,9.6000,58.340,17.170,80.000,1.0000,0.0000,1019.8
16:28:31 22/11/0023,37.733387,-122.42952,81.199,9.6000,58.340,17.170,80.000,1.0000,0.0000,1019.8
16:28:31 22/11/0023,37.733387,-122.42952,81.199,9.6000,58.340,17.170,80.000,1.0000,0.0000,1019.8
16:28:31 22/11/0023,37.733387,-122.42952,81.199,9.6000,58.340,17.170,80.000,1.0000,0.0000,1019.8
16:28:31 22/11/0023,37.733387,-122.42952,81.199,9.6000,58.360,17.145,80.000,1.0000,0.0000,1019.8
16:28:31 22/11/0023,37.733387,-122.42952,81.199,9.6000,58.360,17.145,80.000,1.0000,0.0000,1019.8
16:28:32 22/11/0023,37.733383,-122.42958,81.800,9.6000,58.360,17.145,80.000,1.0000,0.0000,1019.7
16:28:32 22/11/0023,37.733383,-122.42958,81.800,9.6000,58.360,17.145,80.000,1.0000,0.0000,1019.7
16:28:32 22/11/0023,37.733383,-122.42958,81.800,9.6000,58.360,17.145,80.000,1.0000,0.0000,1019.7
16:28:32 22/11/0023,37.733383,-122.42958,81.800,9.6000,58.360,17.145,80.000,1.0000,0.0000,1019.7
16:28:32 22/11/0023,37.733383,-122.42958,81.800,9.5000,58.400,17.115,80.000,1.0000,0.0000,1019.7
16:28:32 22/11/0023,37.733383,-122.42958,81.800,9.5000,58.400,17.115,80.000,1.0000,0.0000,1019.7
16:28:33 22/11/0023,37.733368,-122.42961,82.599,9.5000,58.400,17.115,80.000,1.0000,0.0000,1019.7
16:28:33 22/11/0023,37.733368,-122.42961,82.599,9.5000,58.400,17.115,80.000,1.0000,0.0000,1019.7
16:28:33 22/11/0023,37.733368,-122.42961,82.599,9.5000,58.400,17.115,80.000,1.0000,0.0000,1019.7
16:28:33 22/11/0023,37.733368,-122.42961,82.599,9.5000,58.400,17.115,80.000,1.0000,0.0000,1019.7
16:28:33 22/11/0023,37.733368,-122.42961,82.599,9.5000,58.400,17.115,80.000,1.0000,0.0000,1019.7
16:28:33 22/11/0023,37.733368,-122.42961,82.599,9.5000,58.400,17.115,80.000,1.0000,0.0000,1019.7
16:28:33 22/11/0023,37.733368,-122.42961,82.599,9.4000,58.439,17.084,80.000,1.0000,0.0000,1019.7
16:28:33 22/11/0023,37.733368,-122.42961,82.599,9.4000,58.439,17.084,80.000,1.0000,0.0000,1019.7
16:28:34 22/11/0023,37.733368,-122.42967,83.500,9.4000,58.439,17.084,80.000,1.0000,0.0000,1019.6
16:28:34 22/11/0023,37.733368,-122.42967,83.500,9.4000,58.439,17.084,80.000,1.0000,0.0000,1019.6
16:28:34 22/11/0023,37.733368,-122.42967,83.500,9.4000,58.439,17.084,80.000,1.0000,0.0000,1019.7
16:28:34 22/11/0023,37.733368,-122.42967,83.500,9.4000,58.439,17.084,80.000,1.0000,0.0000,1019.7
16:28:34 22/11/0023,37.733368,-122.42967,83.500,9.4000,58.439,17.084,80.000,1.0000,0.0000,1019.6
16:28:34 22/11/0023,37.733368,-122.42967,83.500,9.4000,58.439,17.084,80.000,1.0000,0.0000,1019.6
16:28:35 22/11/0023,37.733364,-122.42971,84.300,9.3000,58.500,17.049,80.000,1.0000,0.0000,1019.6
16:28:35 22/11/0023,37.733364,-122.42971,84.300,9.3000,58.500,17.049,80.000,1.0000,0.0000,1019.6
16:28:35 22/11/0023,37.733364,-122.42971,84.300,9.3000,58.500,17.049,80.000,1.0000,0.0000,1019.6
16:28:35 22/11/0023,37.733364,-122.42971,84.300,9.3000,58.500,17.049,80.000,1.0000,0.0000,1019.6
16:28:35 22/11/0023,37.733364,-122.42971,84.300,9.3000,58.500,17.049,80.000,1.0000,0.0000,1019.6
16:28:35 22/11/0023,37.733364,-122.42971,84.300,9.3000,58.500,17.049,80.000,1.0000,0.0000,1019.6
16:28:35 22/11/0023,37.733364,-122.42971,84.300,9.2000,58.560,17.014,80.000,1.0000,0.0000,1019.6
16:28:35 22/11/0023,37.733364,-122.42971,84.300,9.2000,58.560,17.014,80.000,1.0000,0.0000,1019.6
16:28:36 22/11/0023,37.733364,-122.42977,84.599,9.2000,58.560,17.014,80.000,1.0000,0.0000,1019.6
16:28:36 22/11/0023,37.733364,-122.42977,84.599,9.2000,58.560,17.014,80.000,1.0000,0.0000,1019.6
16:28:36 22/11/0023,37.733364,-122.42977,84.599,9.2000,58.560,17.014,80.000,1.0000,0.0000,1019.6
16:28:36 22/11/0023,37.733364,-122.42977,84.599,9.2000,58.560,17.014,80.000,1.0000,0.0000,1019.6
16:28:36 22/11/0023,37.733364,-122.42977,84.599,9.2000,58.560,17.014,80.000,1.0000,0.0000,1019.6
16:28:36 22/11/0023,37.733364,-122.42977,84.599,9.2000,58.560,17.014,80.000,1.0000,0.0000,1019.6
16:28:37 22/11/0023,37.733364,-122.42981,84.500,9.2000,58.630,16.980,80.000,1.0000,0.0000,1019.6
16:28:37 22/11/0023,37.733364,-122.42981,84.500,9.2000,58.630,16.980,80.000,1.0000,0.0000,1019.6
16:28:37 22/11/0023,37.733364,-122.42981,84.500,9.2000,58.630,16.980,80.000,1.0000,0.0000,1019.6
16:28:37 22/11/0023,37.733364,-122.42981,84.500,9.2000,58.630,16.980,80.000,1.0000,0.0000,1019.6
16:28:37 22/11/0023,37.733364,-122.42981,84.500,9.2000,58.630,16.980,80.000,1.0000,0.0000,1019.6
16:28:37 22/11/0023,37.733364,-122.42981,84.500,9.2000,58.630,16.980,80.000,1.0000,0.0000,1019.6
16:28:38 22/11/0023,37.733360,-122.42986,84.699,9.1000,58.700,16.940,80.000,1.0000,0.0000,1019.6
16:28:38 22/11/0023,37.733360,-122.42986,84.699,9.1000,58.700,16.940,80.000,1.0000,0.0000,1019.6
16:28:38 22/11/0023,37.733360,-122.42986,84.699,9.1000,58.700,16.940,80.000,1.0000,0.0000,1019.6
16:28:38 22/11/0023,37.733360,-122.42986,84.699,9.1000,58.700,16.940,80.000,1.0000,0.0000,1019.6
16:28:38 22/11/0023,37.733360,-122.42986,84.699,9.1000,58.700,16.940,80.000,1.0000,0.0000,1019.6
16:28:38 22/11/0023,37.733360,-122.42986,84.699,9.1000,58.700,16.940,80.000,1.0000,0.0000,1019.6
16:28:38 22/11/0023,37.733360,-122.42986,84.699,9.1000,58.700,16.940,80.000,1.0000,0.0000,1019.6
16:28:38 22/11/0023,37.733360,-122.42986,84.699,9.1000,58.700,16.940,80.000,1.0000,0.0000,1019.6
16:28:39 22/11/0023,37.733356,-122.42991,84.800,9.1000,58.779,16.900,80.000,1.0000,0.0000,1019.6
16:28:39 22/11/0023,37.733356,-122.42991,84.800,9.1000,58.779,16.900,80.000,1.0000,0.0000,1019.6
16:28:39 22/11/0023,37.733356,-122.42991,84.800,9.1000,58.779,16.900,80.000,1.0000,0.0000,1019.6
16:28:39 22/11/0023,37.733356,-122.42991,84.800,9.1000,58.779,16.900,80.000,1.0000,0.0000,1019.6
16:28:39 22/11/0023,37.733356,-122.42991,84.800,9.1000,58.779,16.900,80.000,1.0000,0.0000,1019.6
16:28:39 22/11/0023,37.733356,-122.42991,84.800,9.1000,58.779,16.900,80.000,1.0000,0.0000,1019.6
16:28:39 22/11/0023,37.733356,-122.42991,84.800,9.1000,58.869,16.855,79.000,1.0000,0.0000,1019.6
16:28:39 22/11/0023,37.733356,-122.42991,84.800,9.1000,58.869,16.855,79.000,1.0000,0.0000,1019.6
16:28:40 22/11/0023,37.733334,-122.42993,84.500,9.1000,58.869,16.855,79.000,1.0000,0.0000,1019.6
16:28:40 22/11/0023,37.733334,-122.42993,84.500,9.1000,58.869,16.855,79.000,1.0000,0.0000,1019.6
16:28:40 22/11/0023,37.733334,-122.42993,84.500,9.1000,58.869,16.855,79.000,1.0000,0.0000,1019.6
16:28:40 22/11/0023,37.733334,-122.42993,84.500,9.1000,58.869,16.855,79.000,1.0000,0.0000,1019.6
16:28:40 22/11/0023,37.733334,-122.42993,84.500,9.1000,58.869,16.855,79.000,1.0000,0.0000,1019.5
16:28:40 22/11/0023,37.733334,-122.42993,84.500,9.1000,58.869,16.855,79.000,1.0000,0.0000,1019.5
16:28:41 22/11/0023,37.733315,-122.42997,84.099,9.1000,58.959,16.809,79.000,1.0000,0.0000,1019.6
16:28:41 22/11/0023,37.733315,-122.42997,84.099,9.1000,58.959,16.809,79.000,1.0000,0.0000,1019.6
16:28:41 22/11/0023,37.733315,-122.42997,84.099,9.1000,58.959,16.809,79.000,1.0000,0.0000,1019.6
16:28:41 22/11/0023,37.733315,-122.42997,84.099,9.1000,58.959,16.809,79.000,1.0000,0.0000,1019.6
16:28:41 22/11/0023,37.733315,-122.42997,84.099,9.1000,58.959,16.809,79.000,1.0000,0.0000,1019.5
16:28:41 22/11/0023,37.733315,-122.42997,84.099,9.1000,58.959,16.809,79.000,1.0000,0.0000,1019.5
16:28:41 22/11/0023,37.733315,-122.42997,84.099,9.1000,59.049,16.764,79.000,1.0000,0.0000,1019.6
16:28:41 22/11/0023,37.733315,-122.42997,84.099,9.1000,59.049,16.764,79.000,1.0000,0.0000,1019.6
16:28:42 22/11/0023,37.733311,-122.43003,84.199,9.1000,59.049,16.764,79.000,1.0000,0.0000,1019.5
16:28:42 22/11/0023,37.733311,-122.43003,84.199,9.1000,59.049,16.764,79.000,1.0000,0.0000,1019.5
16:28:42 22/11/0023,37.733311,-122.43003,84.199,9.1000,59.049,16.764,79.000,1.0000,0.0000,1019.5
16:28:42 22/11/0023,37.733311,-122.43003,84.199,9.1000,59.049,16.764,79.000,1.0000,0.0000,1019.5
16:28:42 22/11/0023,37.733311,-122.43003,84.199,9.1000,59.049,16.764,79.000,1.0000,0.0000,1019.6
16:28:42 22/11/0023,37.733311,-122.43003,84.199,9.1000,59.049,16.764,79.000,1.0000,0.0000,1019.6
16:28:43 22/11/0023,37.733311,-122.43007,84.099,9.0000,59.139,16.715,79.000,1.0000,0.0000,1019.5
16:28:43 22/11/0023,37.733311,-122.43007,84.099,9.0000,59.139,16.715,79.000,1.0000,0.0000,1019.5
16:28:43 22/11/0023,37.733311,-122.43007,84.099,9.0000,59.139,16.715,79.000,1.0000,0.0000,1019.5
16:28:43 22/11/0023,37.733311,-122.43007,84.099,9.0000,59.139,16.715,79.000,1.0000,0.0000,1019.5
16:28:43 22/11/0023,37.733311,-122.43007,84.099,9.0000,59.139,16.715,79.000,1.0000,0.0000,1019.5
16:28:43 22/11/0023,37.733311,-122.43007,84.099,9.0000,59.139,16.715,79.000,1.0000,0.0000,1019.5
16:28:43 22/11/0023,37.733311,-122.43007,84.099,8.9000,59.250,16.665,79.000,1.0000,0.0000,1019.5
16:28:43 22/11/0023,37.733311,-122.43007,84.099,8.9000,59.250,16.665,79.000,1.0000,0.0000,1019.5
16:28:44 22/11/0023,37.733307,-122.43013,84.099,8.9000,59.250,16.665,79.000,1.0000,0.0000,1019.5
16:28:44 22/11/0023,37.733307,-122.43013,84.099,8.9000,59.250,16.665,79.000,1.0000,0.0000,1019.5
16:28:44 22/11/0023,37.733307,-122.43013,84.099,8.9000,59.250,16.665,79.000,1.0000,0.0000,1019.5
16:28:44 22/11/0023,37.733307,-122.43013,84.099,8.9000,59.250,16.665,79.000,1.0000,0.0000,1019.5
16:28:44 22/11/0023,37.733307,-122.43013,84.099,8.9000,59.250,16.665,79.000,1.0000,0.0000,1019.5
16:28:44 22/11/0023,37.733307,-122.43013,84.099,8.9000,59.250,16.665,79.000,1.0000,0.0000,1019.5
16:28:45 22/11/0023,37.733307,-122.43019,84.199,8.8000,59.349,16.615,79.000,1.0000,0.0000,1019.5
16:28:45 22/11/0023,37.733307,-122.43019,84.199,8.8000,59.349,16.615,79.000,1.0000,0.0000,1019.5
16:28:45 22/11/0023,37.733307,-122.43019,84.199,8.8000,59.349,16.615,79.000,1.0000,0.0000,1019.5
16:28:45 22/11/0023,37.733307,-122.43019,84.199,8.8000,59.349,16.615,79.000,1.0000,0.0000,1019.5
16:28:45 22/11/0023,37.733307,-122.43019,84.199,8.8000,59.349,16.615,79.000,1.0000,0.0000,1019.5
16:28:45 22/11/0023,37.733307,-122.43019,84.199,8.8000,59.349,16.615,79.000,1.0000,0.0000,1019.5
16:28:46 22/11/0023,37.733303,-122.43024,84.199,8.8000,59.480,16.559,79.000,1.0000,0.0000,1019.5
16:28:46 22/11/0023,37.733303,-122.43024,84.199,8.8000,59.480,16.559,79.000,1.0000,0.0000,1019.5
16:28:46 22/11/0023,37.733303,-122.43024,84.199,8.8000,59.480,16.559,79.000,1.0000,0.0000,1019.5
16:28:46 22/11/0023,37.733303,-122.43024,84.199,8.8000,59.480,16.559,79.000,1.0000,0.0000,1019.5
16:28:46 22/11/0023,37.733303,-122.43024,84.199,8.8000,59.480,16.559,79.000,1.0000,0.0000,1019.5
16:28:46 22/11/0023,37.733303,-122.43024,84.199,8.8000,59.480,16.559,79.000,1.0000,0.0000,1019.5
16:28:46 22/11/0023,37.733303,-122.43024,84.199,8.8000,59.480,16.559,79.000,1.0000,0.0000,1019.4
16:28:46 22/11/0023,37.733303,-122.43024,84.199,8.8000,59.480,16.559,79.000,1.0000,0.0000,1019.4
16:28:47 22/11/0023,37.733299,-122.43028,84.199,8.7000,59.599,16.510,80.000,1.0000,0.0000,1019.5
16:28:47 22/11/0023,37.733299,-122.43028,84.199,8.7000,59.599,16.510,80.000,1.0000,0.0000,1019.5
16:28:47 22/11/0023,37.733299,-122.43028,84.199,8.7000,59.599,16.510,80.000,1.0000,0.0000,1019.4
16:28:47 22/11/0023,37.733299,-122.43028,84.199,8.7000,59.599,16.510,80.000,1.0000,0.0000,1019.4
16:28:47 22/11/0023,37.733299,-122.43028,84.199,8.7000,59.599,16.510,80.000,1.0000,0.0000,1019.4
16:28:47 22/11/0023,37.733299,-122.43028,84.199,8.7000,59.599,16.510,80.000,1.0000,0.0000,1019.4
16:28:48 22/11/0023,37.733292,-122.43033,84.300,8.7000,59.720,16.450,80.000,1.0000,0.0000,1019.4
16:28:48 22/11/0023,37.733292,-122.43033,84.300,8.7000,59.720,16.450,80.000,1.0000,0.0000,1019.4
16:28:48 22/11/0023,37.733292,-122.43033,84.300,8.7000,59.720,16.450,80.000,1.0000,0.0000,1019.4
16:28:48 22/11/0023,37.733292,-122.43033,84.300,8.7000,59.720,16.450,80.000,1.0000,0.0000,1019.4
16:28:48 22/11/0023,37.733292,-122.43033,84.300,8.7000,59.720,16.450,80.000,1.0000,0.0000,1019.4
16:28:48 22/11/0023,37.733292,-122.43033,84.300,8.7000,59.720,16.450,80.000,1.0000,0.0000,1019.4
16:28:48 22/11/0023,37.733292,-122.43033,84.300,8.7000,59.720,16.450,80.000,1.0000,0.0000,1019.4
16:28:48 22/11/0023,37.733292,-122.43033,84.300,8.7000,59.720,16.450,80.000,1.0000,0.0000,1019.4
16:28:49 22/11/0023,37.733284,-122.43038,84.199,8.7000,59.860,16.389,80.000,1.0000,0.0000,1019.4
16:28:49 22/11/0023,37.733284,-122.43038,84.199,8.7000,59.860,16.389,80.000,1.0000,0.0000,1019.4
16:28:49 22/11/0023,37.733284,-122.43038,84.199,8.7000,59.860,16.389,80.000,1.0000,0.0000,1019.4
16:28:49 22/11/0023,37.733284,-122.43038,84.199,8.7000,59.860,16.389,80.000,1.0000,0.0000,1019.4
16:28:49 22/11/0023,37.733284,-122.43038,84.199,8.7000,59.860,16.389,80.000,1.0000,0.0000,1019.4
16:28:49 22/11/0023,37.733284,-122.43038,84.199,8.7000,59.860,16.389,80.000,1.0000,0.0000,1019.4
16:28:50 22/11/0023,37.733284,-122.43043,84.800,8.8000,60.000,16.330,80.000,1.0000,0.0000,1019.4
16:28:50 22/11/0023,37.733284,-122.43043,84.800,8.8000,60.000,16.330,80.000,1.0000,0.0000,1019.4
16:28:50 22/11/0023,37.733284,-122.43043,84.800,8.8000,60.000,16.330,80.000,1.0000,0.0000,1019.4
16:28:50 22/11/0023,37.733284,-122.43043,84.800,8.8000,60.000,16.330,80.000,1.0000,0.0000,1019.4
16:28:50 22/11/0023,37.733284,-122.43043,84.800,8.8000,60.000,16.330,80.000,1.0000,0.0000,1019.4
16:28:50 22/11/0023,37.733284,-122.43043,84.800,8.8000,60.000,16.330,80.000,1.0000,0.0000,1019.4
16:28:50 22/11/0023,37.733284,-122.43043,84.800,8.8000,60.000,16.330,80.000,1.0000,0.0000,1019.4
16:28:50 22/11/0023,37.733284,-122.43043,84.800,8.8000,60.000,16.330,80.000,1.0000,0.0000,1019.4
16:28:51 22/11/0023,37.733280,-122.43050,85.199,8.8000,60.150,16.264,80.000,1.0000,0.0000,1019.4
16:28:51 22/11/0023,37.733280,-122.43050,85.199,8.8000,60.150,16.264,80.000,1.0000,0.0000,1019.4
16:28:51 22/11/0023,37.733280,-122.43050,85.199,8.8000,60.150,16.264,80.000,1.0000,0.0000,1019.3
16:28:51 22/11/0023,37.733280,-122.43050,85.199,8.8000,60.150,16.264,80.000,1.0000,0.0000,1019.3
16:28:51 22/11/0023,37.733280,-122.43050,85.199,8.8000,60.150,16.264,80.000,1.0000,0.0000,1019.4
16:28:51 22/11/0023,37.733280,-122.43050,85.199,8.8000,60.150,16.264,80.000,1.0000,0.0000,1019.4
16:28:52 22/11/0023,37.733292,-122.43056,86.099,8.9000,60.299,16.195,80.000,1.0000,0.0000,1019.3
16:28:52 22/11/0023,37.733292,-122.43056,86.099,8.9000,60.299,16.195,80.000,1.0000,0.0000,1019.3
16:28:52 22/11/0023,37.733292,-122.43056,86.099,8.9000,60.299,16.195,80.000,1.0000,0.0000,1019.3
16:28:52 22/11/0023,37.733292,-122.43056,86.099,8.9000,60.299,16.195,80.000,1.0000,0.0000,1019.3
16:28:52 22/11/0023,37.733292,-122.43056,86.099,8.9000,60.299,16.195,80.000,1.0000,0.0000,1019.3
16:28:52 22/11/0023,37.733292,-122.43056,86.099,8.9000,60.299,16.195,80.000,1.0000,0.0000,1019.3
16:28:52 22/11/0023,37.733292,-122.43056,86.099,8.9000,60.299,16.195,80.000,1.0000,0.0000,1019.4
16:28:52 22/11/0023,37.733292,-122.43056,86.099,8.9000,60.299,16.195,80.000,1.0000,0.0000,1019.4
16:28:53 22/11/0023,37.733292,-122.43061,86.099,9.0000,60.459,16.125,80.000,1.0000,0.0000,1019.4
16:28:53 22/11/0023,37.733292,-122.43061,86.099,9.0000,60.459,16.125,80.000,1.0000,0.0000,1019.4
16:28:53 22/11/0023,37.733292,-122.43061,86.099,9.0000,60.459,16.125,80.000,1.0000,0.0000,1019.3
16:28:53 22/11/0023,37.733292,-122.43061,86.099,9.0000,60.459,16.125,80.000,1.0000,0.0000,1019.3
16:28:53 22/11/0023,37.733292,-122.43061,86.099,9.0000,60.459,16.125,80.000,1.0000,0.0000,1019.3
16:28:53 22/11/0023,37.733292,-122.43061,86.099,9.0000,60.459,16.125,80.000,1.0000,0.0000,1019.3
16:28:54 22/11/0023,37.733307,-122.43071,86.699,9.0000,60.630,16.055,80.000,1.0000,0.0000,1019.4
16:28:54 22/11/0023,37.733307,-122.43071,86.699,9.0000,60.630,16.055,80.000,1.0000,0.0000,1019.4
16:28:54 22/11/0023,37.733307,-122.43071,86.699,9.0000,60.630,16.055,80.000,1.0000,0.0000,1019.3
16:28:54 22/11/0023,37.733307,-122.43071,86.699,9.0000,60.630,16.055,80.000,1.0000,0.0000,1019.3
16:28:54 22/11/0023,37.733307,-122.43071,86.699,9.0000,60.630,16.055,80.000,1.0000,0.0000,1019.3
16:28:54 22/11/0023,37.733307,-122.43071,86.699,9.0000,60.630,16.055,80.000,1.0000,0.0000,1019.3
16:28:54 22/11/0023,37.733307,-122.43071,86.699,9.0000,60.630,16.055,80.000,1.0000,0.0000,1019.3
16:28:54 22/11/0023,37.733307,-122.43071,86.699,9.0000,60.630,16.055,80.000,1.0000,0.0000,1019.3
16:28:55 22/11/0023,37.733311,-122.43077,87.099,9.1000,60.799,15.980,80.000,1.0000,0.0000,1019.3
16:28:55 22/11/0023,37.733311,-122.43077,87.099,9.1000,60.799,15.980,80.000,1.0000,0.0000,1019.3
16:28:55 22/11/0023,37.733311,-122.43077,87.099,9.1000,60.799,15.980,80.000,1.0000,0.0000,1019.4
16:28:55 22/11/0023,37.733311,-122.43077,87.099,9.1000,60.799,15.980,80.000,1.0000,0.0000,1019.4
16:28:55 22/11/0023,37.733311,-122.43077,87.099,9.1000,60.799,15.980,80.000,1.0000,0.0000,1019.3
16:28:55 22/11/0023,37.733311,-122.43077,87.099,9.1000,60.799,15.980,80.000,1.0000,0.0000,1019.3
16:28:56 22/11/0023,37.733299,-122.43084,87.300,9.1000,60.980,15.900,80.000,1.0000,0.0000,1019.3
16:28:56 22/11/0023,37.733299,-122.43084,87.300,9.1000,60.980,15.900,80.000,1.0000,0.0000,1019.3
16:28:56 22/11/0023,37.733299,-122.43084,87.300,9.1000,60.980,15.900,80.000,1.0000,0.0000,1019.3
16:28:56 22/11/0023,37.733299,-122.43084,87.300,9.1000,60.980,15.900,80.000,1.0000,0.0000,1019.3
16:28:56 22/11/0023,37.733299,-122.43084,87.300,9.1000,60.980,15.900,80.000,1.0000,0.0000,1019.3
16:28:56 22/11/0023,37.733299,-122.43084,87.300,9.1000,60.980,15.900,80.000,1.0000,0.0000,1019.3
16:28:56 22/11/0023,37.733299,-122.43084,87.300,9.1000,60.980,15.900,80.000,1.0000,0.0000,1019.3
16:28:56 22/11/0023,37.733299,-122.43084,87.300,9.1000,60.980,15.900,80.000,1.0000,0.0000,1019.3
16:28:57 22/11/0023,37.733288,-122.43090,87.199,9.1000,61.169,15.820,80.000,1.0000,0.0000,1019.3
16:28:57 22/11/0023,37.733288,-122.43090,87.199,9.1000,61.169,15.820,80.000,1.0000,0.0000,1019.3
16:28:57 22/11/0023,37.733288,-122.43090,87.199,9.1000,61.169,15.820,80.000,1.0000,0.0000,1019.3
16:28:57 22/11/0023,37.733288,-122.43090,87.199,9.1000,61.169,15.820,80.000,1.0000,0.0000,1019.3
16:28:57 22/11/0023,37.733288,-122.43090,87.199,9.1000,61.169,15.820,80.000,1.0000,0.0000,1019.4
16:28:57 22/11/0023,37.733288,-122.43090,87.199,9.1000,61.169,15.820,80.000,1.0000,0.0000,1019.4
16:28:58 22/11/0023,37.733284,-122.43096,87.400,9.2000,61.380,15.735,80.000,1.0000,0.0000,1019.4
16:28:58 22/11/0023,37.733284,-122.43096,87.400,9.2000,61.380,15.735,80.000,1.0000,0.0000,1019.4
16:28:58 22/11/0023,37.733284,-122.43096,87.400,9.2000,61.380,15.735,80.000,1.0000,0.0000,1019.3
16:28:58 22/11/0023,37.733284,-122.43096,87.400,9.2000,61.380,15.735,80.000,1.0000,0.0000,1019.3
16:28:58 22/11/0023,37.733284,-122.43096,87.400,9.2000,61.380,15.735,80.000,1.0000,0.0000,1019.4
16:28:58 22/11/0023,37.733284,-122.43096,87.400,9.2000,61.380,15.735,80.000,1.0000,0.0000,1019.4
16:28:58 22/11/0023,37.733284,-122.43096,87.400,9.2000,61.380,15.735,80.000,1.0000,0.0000,1019.4
16:28:58 22/11/0023,37.733284,-122.43096,87.400,9.2000,61.380,15.735,80.000,1.0000,0.0000,1019.4
16:28:59 22/11/0023,37.733273,-122.43103,87.699,9.2000,61.580,15.645,80.000,1.0000,0.0000,1019.3
16:28:59 22/11/0023,37.733273,-122.43103,87.699,9.2000,61.580,15.645,80.000,1.0000,0.0000,1019.3
16:28:59 22/11/0023,37.733273,-122.43103,87.699,9.2000,61.580,15.645,80.000,1.0000,0.0000,1019.4
16:28:59 22/11/0023,37.733273,-122.43103,87.699,9.2000,61.580,15.645,80.000,1.0000,0.0000,1019.4
16:28:59 22/11/0023,37.733273,-122.43103,87.699,9.2000,61.580,15.645,80.000,1.0000,0.0000,1019.4
16:28:59 22/11/0023,37.733273,-122.43103,87.699,9.2000,61.580,15.645,80.000,1.0000,0.0000,1019.4
16:29:00 22/11/0023,37.733276,-122.43109,88.300,9.2000,61.799,15.550,80.000,1.0000,0.0000,1019.4
16:29:00 22/11/0023,37.733276,-122.43109,88.300,9.2000,61.799,15.550,80.000,1.0000,0.0000,1019.4
16:29:00 22/11/0023,37.733276,-122.43109,88.300,9.2000,61.799,15.550,80.000,1.0000,0.0000,1019.3
16:29:00 22/11/0023,37.733276,-122.43109,88.300,9.2000,61.799,15.550,80.000,1.0000,0.0000,1019.3
16:29:00 22/11/0023,37.733276,-122.43109,88.300,9.2000,61.799,15.550,80.000,1.0000,0.0000,1019.4
16:29:00 22/11/0023,37.733276,-122.43109,88.300,9.2000,61.799,15.550,80.000,1.0000,0.0000,1019.4
16:29:00 22/11/0023,37.733276,-122.43109,88.300,9.2000,61.799,15.550,80.000,1.0000,0.0000,1019.5
16:29:00 22/11/0023,37.733276,-122.43109,88.300,9.2000,61.799,15.550,80.000,1.0000,0.0000,1019.5
16:29:01 22/11/0023,37.733269,-122.43115,88.400,9.2000,62.029,15.455,80.000,1.0000,0.0000,1019.4
16:29:01 22/11/0023,37.733269,-122.43115,88.400,9.2000,62.029,15.455,80.000,1.0000,0.0000,1019.4
16:29:01 22/11/0023,37.733269,-122.43115,88.400,9.2000,62.029,15.455,80.000,1.0000,0.0000,1019.4
16:29:01 22/11/0023,37.733269,-122.43115,88.400,9.2000,62.029,15.455,80.000,1.0000,0.0000,1019.4
16:29:01 22/11/0023,37.733269,-122.43115,88.400,9.2000,62.029,15.455,80.000,1.0000,0.0000,1019.4
16:29:01 22/11/0023,37.733269,-122.43115,88.400,9.2000,62.029,15.455,80.000,1.0000,0.0000,1019.4
16:29:02 22/11/0023,37.733265,-122.43122,88.599,9.2000,62.259,15.355,80.000,1.0000,0.0000,1019.4
16:29:02 22/11/0023,37.733265,-122.43122,88.599,9.2000,62.259,15.355,80.000,1.0000,0.0000,1019.4
16:29:02 22/11/0023,37.733265,-122.43122,88.599,9.2000,62.259,15.355,80.000,1.0000,0.0000,1019.4
16:29:02 22/11/0023,37.733265,-122.43122,88.599,9.2000,62.259,15.355,80.000,1.0000,0.0000,1019.4
16:29:02 22/11/0023,37.733265,-122.43122,88.599,9.2000,62.259,15.355,80.000,1.0000,0.0000,1019.4
16:29:02 22/11/0023,37.733265,-122.43122,88.599,9.2000,62.259,15.355,80.000,1.0000,0.0000,1019.4
16:29:02 22/11/0023,37.733265,-122.43122,88.599,9.2000,62.259,15.355,80.000,1.0000,0.0000,1019.5
16:29:02 22/11/0023,37.733265,-122.43122,88.599,9.2000,62.259,15.355,80.000,1.0000,0.0000,1019.5
16:29:03 22/11/0023,37.733250,-122.43129,88.699,9.1000,62.509,15.255,80.000,1.0000,0.0000,1019.4
16:29:03 22/11/0023,37.733250,-122.43129,88.699,9.1000,62.509,15.255,80.000,1.0000,0.0000,1019.4
16:29:03 22/11/0023,37.733250,-122.43129,88.699,9.1000,62.509,15.255,80.000,1.0000,0.0000,1019.4
16:29:03 22/11/0023,37.733250,-122.43129,88.699,9.1000,62.509,15.255,80.000,1.0000,0.0000,1019.4
16:29:03 22/11/0023,37.733250,-122.43129,88.699,9.1000,62.509,15.255,80.000,1.0000,0.0000,1019.4
16:29:03 22/11/0023,37.733250,-122.43129,88.699,9.1000,62.509,15.255,80.000,1.0000,0.0000,1019.4
16:29:04 22/11/0023,37.733223,-122.43135,89.000,9.1000,62.770,15.150,81.000,1.0000,0.0000,1019.4
16:29:04 22/11/0023,37.733223,-122.43135,89.000,9.1000,62.770,15.150,81.000,1.0000,0.0000,1019.4
16:29:04 22/11/0023,37.733223,-122.43135,89.000,9.1000,62.770,15.150,81.000,1.0000,0.0000,1019.4
16:29:04 22/11/0023,37.733223,-122.43135,89.000,9.1000,62.770,15.150,81.000,1.0000,0.0000,1019.4
16:29:04 22/11/0023,37.733223,-122.43135,89.000,9.1000,62.770,15.150,81.000,1.0000,0.0000,1019.4
16:29:04 22/11/0023,37.733223,-122.43135,89.000,9.1000,62.770,15.150,81.000,1.0000,0.0000,1019.4
16:29:04 22/11/0023,37.733223,-122.43135,89.000,9.1000,62.770,15.150,81.000,1.0000,0.0000,1019.4
16:29:04 22/11/0023,37.733223,-122.43135,89.000,9.1000,62.770,15.150,81.000,1.0000,0.0000,1019.4
16:29:05 22/11/0023,37.733200,-122.43142,89.000,9.0000,63.060,15.050,82.000,1.0000,0.0000,1019.5
16:29:05 22/11/0023,37.733200,-122.43142,89.000,9.0000,63.060,15.050,82.000,1.0000,0.0000,1019.5
16:29:05 22/11/0023,37.733200,-122.43142,89.000,9.0000,63.060,15.050,82.000,1.0000,0.0000,1019.5
16:29:05 22/11/0023,37.733200,-122.43142,89.000,9.0000,63.060,15.050,82.000,1.0000,0.0000,1019.5
16:29:05 22/11/0023,37.733200,-122.43142,89.000,9.0000,63.060,15.050,82.000,1.0000,0.0000,1019.5
16:29:05 22/11/0023,37.733200,-122.43142,89.000,9.0000,63.060,15.050,82.000,1.0000,0.0000,1019.5
16:29:06 22/11/0023,37.733166,-122.43150,89.199,8.9000,63.349,14.945,84.000,1.0000,0.0000,1019.5
16:29:06 22/11/0023,37.733166,-122.43150,89.199,8.9000,63.349,14.945,84.000,1.0000,0.0000,1019.5
16:29:06 22/11/0023,37.733166,-122.43150,89.199,8.9000,63.349,14.945,84.000,1.0000,0.0000,1019.5
16:29:06 22/11/0023,37.733166,-122.43150,89.199,8.9000,63.349,14.945,84.000,1.0000,0.0000,1019.5
16:29:06 22/11/0023,37.733166,-122.43150,89.199,8.9000,63.349,14.945,84.000,1.0000,0.0000,1019.5
16:29:06 22/11/0023,37.733166,-122.43150,89.199,8.9000,63.349,14.945,84.000,1.0000,0.0000,1019.5
16:29:06 22/11/0023,37.733166,-122.43150,89.199,8.9000,63.349,14.945,84.000,1.0000,0.0000,1019.6
16:29:06 22/11/0023,37.733166,-122.43150,89.199,8.9000,63.349,14.945,84.000,1.0000,0.0000,1019.6
16:29:07 22/11/0023,37.733139,-122.43156,89.199,8.8000,63.660,14.840,85.000,1.0000,0.0000,1019.5
16:29:07 22/11/0023,37.733139,-122.43156,89.199,8.8000,63.660,14.840,85.000,1.0000,0.0000,1019.5
16:29:07 22/11/0023,37.733139,-122.43156,89.199,8.8000,63.660,14.840,85.000,1.0000,0.0000,1019.5
16:29:07 22/11/0023,37.733139,-122.43156,89.199,8.8000,63.660,14.840,85.000,1.0000,0.0000,1019.5
16:29:07 22/11/0023,37.733139,-122.43156,89.199,8.8000,63.660,14.840,85.000,1.0000,0.0000,1019.5
16:29:07 22/11/0023,37.733139,-122.43156,89.199,8.8000,63.660,14.840,85.000,1.0000,0.0000,1019.5
16:29:08 22/11/0023,37.733109,-122.43164,89.099,8.8000,63.660,14.840,85.000,1.0000,0.0000,1019.6
16:29:08 22/11/0023,37.733109,-122.43164,89.099,8.8000,63.660,14.840,85.000,1.0000,0.0000,1019.6
16:29:08 22/11/0023,37.733109,-122.43164,89.099,8.8000,63.970,14.730,86.000,1.0000,0.0000,1019.6
16:29:08 22/11/0023,37.733109,-122.43164,89.099,8.8000,63.970,14.730,86.000,1.0000,0.0000,1019.6
16:29:08 22/11/0023,37.733109,-122.43164,89.099,8.8000,63.970,14.730,86.000,1.0000,0.0000,1019.6
16:29:08 22/11/0023,37.733109,-122.43164,89.099,8.8000,63.970,14.730,86.000,1.0000,0.0000,1019.6
16:29:08 22/11/0023,37.733109,-122.43164,89.099,8.8000,63.970,14.730,86.000,1.0000,0.0000,1019.6
16:29:08 22/11/0023,37.733109,-122.43164,89.099,8.8000,63.970,14.730,86.000,1.0000,0.0000,1019.6
16:29:09 22/11/0023,37.733086,-122.43171,89.199,8.8000,64.279,14.625,86.000,1.0000,0.0000,1019.6
16:29:09 22/11/0023,37.733086,-122.43171,89.199,8.8000,64.279,14.625,86.000,1.0000,0.0000,1019.6
16:29:09 22/11/0023,37.733086,-122.43171,89.199,8.8000,64.279,14.625,86.000,1.0000,0.0000,1019.7
16:29:09 22/11/0023,37.733086,-122.43171,89.199,8.8000,64.279,14.625,86.000,1.0000,0.0000,1019.7
16:29:09 22/11/0023,37.733086,-122.43171,89.199,8.8000,64.279,14.625,86.000,1.0000,0.0000,1019.7
16:29:09 22/11/0023,37.733086,-122.43171,89.199,8.8000,64.279,14.625,86.000,1.0000,0.0000,1019.7
16:29:10 22/11/0023,37.733051,-122.43179,88.900,8.8000,64.279,14.625,86.000,1.0000,0.0000,1019.7
16:29:10 22/11/0023,37.733051,-122.43179,88.900,8.8000,64.279,14.625,86.000,1.0000,0.0000,1019.7
16:29:10 22/11/0023,37.733051,-122.43179,88.900,8.8000,64.610,14.520,86.000,1.0000,0.0000,1019.8
16:29:10 22/11/0023,37.733051,-122.43179,88.900,8.8000,64.610,14.520,86.000,1.0000,0.0000,1019.8
16:29:10 22/11/0023,37.733051,-122.43179,88.900,8.8000,64.610,14.520,86.000,1.0000,0.0000,1019.7
16:29:10 22/11/0023,37.733051,-122.43179,88.900,8.8000,64.610,14.520,86.000,1.0000,0.0000,1019.7
16:29:10 22/11/0023,37.733051,-122.43179,88.900,8.8000,64.610,14.520,86.000,1.0000,0.0000,1019.8
16:29:10 22/11/0023,37.733051,-122.43179,88.900,8.8000,64.610,14.520,86.000,1.0000,0.0000,1019.8
16:29:11 22/11/0023,37.733021,-122.43186,88.400,8.7000,64.940,14.415,86.000,1.0000,0.0000,1019.8
16:29:11 22/11/0023,37.733021,-122.43186,88.400,8.7000,64.940,14.415,86.000,1.0000,0.0000,1019.8
16:29:11 22/11/0023,37.733021,-122.43186,88.400,8.7000,64.940,14.415,86.000,1.0000,0.0000,1019.8
16:29:11 22/11/0023,37.733021,-122.43186,88.400,8.7000,64.940,14.415,86.000,1.0000,0.0000,1019.8
16:29:11 22/11/0023,37.733021,-122.43186,88.400,8.7000,64.940,14.415,86.000,1.0000,0.0000,1019.8
16:29:11 22/11/0023,37.733021,-122.43186,88.400,8.7000,64.940,14.415,86.000,1.0000,0.0000,1019.8
16:29:12 22/11/0023,37.732994,-122.43193,88.099,8.7000,64.940,14.415,86.000,1.0000,0.0000,1019.8
16:29:12 22/11/0023,37.732994,-122.43193,88.099,8.7000,64.940,14.415,86.000,1.0000,0.0000,1019.8
16:29:12 22/11/0023,37.732994,-122.43193,88.099,8.6000,65.290,14.305,86.000,1.0000,0.0000,1019.9
16:29:12 22/11/0023,37.732994,-122.43193,88.099,8.6000,65.290,14.305,86.000,1.0000,0.0000,1019.9
16:29:21 22/11/0023,37.732937,-122.43256,87.099,18.500,68.820,13.425,83.000,1.0000,0.0000,1020.5
16:29:21 22/11/0023,37.732937,-122.43256,87.099,18.500,68.820,13.425,83.000,1.0000,0.0000,1020.5
16:29:22 22/11/0023,37.732941,-122.43260,86.599,38.000,69.250,13.340,83.000,1.0000,0.0000,1020.5
16:29:22 22/11/0023,37.732941,-122.43260,86.599,38.000,69.250,13.340,83.000,1.0000,0.0000,1020.5
16:29:22 22/11/0023,37.732941,-122.43260,86.599,38.000,69.250,13.340,83.000,1.0000,0.0000,1020.5
16:29:22 22/11/0023,37.732941,-122.43260,86.599,38.000,69.250,13.340,83.000,1.0000,0.0000,1020.5
16:29:22 22/11/0023,37.732941,-122.43260,86.599,38.000,69.250,13.340,83.000,1.0000,0.0000,1020.4
16:29:22 22/11/0023,37.732941,-122.43260,86.599,38.000,69.250,13.340,83.000,1.0000,0.0000,1020.4
16:29:23 22/11/0023,37.732952,-122.43262,86.199,38.000,69.250,13.340,83.000,1.0000,0.0000,1020.4
16:29:23 22/11/0023,37.732952,-122.43262,86.199,38.000,69.250,13.340,83.000,1.0000,0.0000,1020.4
16:29:23 22/11/0023,37.732952,-122.43262,86.199,35.700,69.709,13.265,84.000,1.0000,0.0000,1020.5
16:29:23 22/11/0023,37.732952,-122.43262,86.199,35.700,69.709,13.265,84.000,1.0000,0.0000,1020.5
16:29:23 22/11/0023,37.732952,-122.43262,86.199,35.700,69.709,13.265,84.000,1.0000,0.0000,1020.6
16:29:23 22/11/0023,37.732952,-122.43262,86.199,35.700,69.709,13.265,84.000,1.0000,0.0000,1020.6
16:29:24 22/11/0023,37.732956,-122.43265,85.900,35.700,69.709,13.265,84.000,1.0000,0.0000,1020.5
16:29:24 22/11/0023,37.732956,-122.43265,85.900,35.700,69.709,13.265,84.000,1.0000,0.0000,1020.5
16:29:24 22/11/0023,37.732956,-122.43265,85.900,35.700,69.709,13.265,84.000,1.0000,0.0000,1020.5
16:29:24 22/11/0023,37.732956,-122.43265,85.900,35.700,69.709,13.265,84.000,1.0000,0.0000,1020.5
16:29:24 22/11/0023,37.732956,-122.43265,85.900,29.900,70.180,13.190,85.000,1.0000,0.0000,1020.6
16:29:24 22/11/0023,37.732956,-122.43265,85.900,29.900,70.180,13.190,85.000,1.0000,0.0000,1020.6
16:29:24 22/11/0023,37.732956,-122.43265,85.900,29.900,70.180,13.190,85.000,1.0000,0.0000,1020.5
16:29:24 22/11/0023,37.732956,-122.43265,85.900,29.900,70.180,13.190,85.000,1.0000,0.0000,1020.5
16:29:25 22/11/0023,37.732986,-122.43265,85.400,29.900,70.180,13.190,85.000,1.0000,0.0000,1020.5
16:29:25 22/11/0023,37.732986,-122.43265,85.400,29.900,70.180,13.190,85.000,1.0000,0.0000,1020.5
16:29:25 22/11/0023,37.732986,-122.43265,85.400,24.600,70.660,13.130,87.000,1.0000,0.0000,1020.5
16:29:25 22/11/0023,37.732986,-122.43265,85.400,24.600,70.660,13.130,87.000,1.0000,0.0000,1020.5
16:29:25 22/11/0023,37.732986,-122.43265,85.400,24.600,70.660,13.130,87.000,1.0000,0.0000,1020.5
16:29:25 22/11/0023,37.732986,-122.43265,85.400,24.600,70.660,13.130,87.000,1.0000,0.0000,1020.5
16:29:25 22/11/0023,37.732986,-122.43265,85.400,24.600,70.660,13.130,87.000,1.0000,0.0000,1020.5
16:29:25 22/11/0023,37.732986,-122.43265,85.400,24.600,70.660,13.130,87.000,1.0000,0.0000,1020.5
16:29:26 22/11/0023,37.733040,-122.43260,84.900,24.600,70.660,13.130,87.000,1.0000,0.0000,1020.5
16:29:26 22/11/0023,37.733040,-122.43260,84.900,24.600,70.660,13.130,87.000,1.0000,0.0000,1020.5
16:29:26 22/11/0023,37.733040,-122.43260,84.900,20.100,71.129,13.075,88.000,1.0000,0.0000,1020.4
16:29:26 22/11/0023,37.733040,-122.43260,84.900,20.100,71.129,13.075,88.000,1.0000,0.0000,1020.4
16:29:26 22/11/0023,37.733040,-122.43260,84.900,20.100,71.129,13.075,88.000,1.0000,0.0000,1020.5
16:29:26 22/11/0023,37.733040,-122.43260,84.900,20.100,71.129,13.075,88.000,1.0000,0.0000,1020.5
16:29:27 22/11/0023,37.733070,-122.43254,84.400,20.100,71.129,13.075,88.000,1.0000,0.0000,1020.5
16:29:27 22/11/0023,37.733070,-122.43254,84.400,20.100,71.129,13.075,88.000,1.0000,0.0000,1020.5
16:29:27 22/11/0023,37.733070,-122.43254,84.400,17.000,71.580,13.030,90.000,1.0000,0.0000,1020.3
16:29:27 22/11/0023,37.733070,-122.43254,84.400,17.000,71.580,13.030,90.000,1.0000,0.0000,1020.3
16:29:27 22/11/0023,37.733070,-122.43254,84.400,17.000,71.580,13.030,90.000,1.0000,0.0000,1020.4
16:29:27 22/11/0023,37.733070,-122.43254,84.400,17.000,71.580,13.030,90.000,1.0000,0.0000,1020.4
16:29:28 22/11/0023,37.733112,-122.43248,84.000,17.000,71.580,13.030,90.000,1.0000,0.0000,1020.5
16:29:28 22/11/0023,37.733112,-122.43248,84.000,17.000,71.580,13.030,90.000,1.0000,0.0000,1020.5
16:29:28 22/11/0023,37.733112,-122.43248,84.000,17.000,71.580,13.030,90.000,1.0000,0.0000,1020.5
16:29:28 22/11/0023,37.733112,-122.43248,84.000,17.000,71.580,13.030,90.000,1.0000,0.0000,1020.5
16:29:28 22/11/0023,37.733112,-122.43248,84.000,14.800,72.010,12.990,91.000,1.0000,0.0000,1020.5
16:29:28 22/11/0023,37.733112,-122.43248,84.000,14.800,72.010,12.990,91.000,1.0000,0.0000,1020.5
16:29:28 22/11/0023,37.733112,-122.43248,84.000,14.800,72.010,12.990,91.000,1.0000,0.0000,1020.5
16:29:28 22/11/0023,37.733112,-122.43248,84.000,14.800,72.010,12.990,91.000,1.0000,0.0000,1020.5
16:29:29 22/11/0023,37.733177,-122.43239,83.500,14.800,72.010,12.990,91.000,1.0000,0.0000,1020.5
16:29:29 22/11/0023,37.733177,-122.43239,83.500,14.800,72.010,12.990,91.000,1.0000,0.0000,1020.5
16:29:29 22/11/0023,37.733177,-122.43239,83.500,13.500,72.430,12.960,92.000,1.0000,0.0000,1020.5
16:29:29 22/11/0023,37.733177,-122.43239,83.500,13.500,72.430,12.960,92.000,1.0000,0.0000,1020.5
16:29:29 22/11/0023,37.733177,-122.43239,83.500,13.500,72.430,12.960,92.000,1.0000,0.0000,1020.5
16:29:29 22/11/0023,37.733177,-122.43239,83.500,13.500,72.430,12.960,92.000,1.0000,0.0000,1020.5
16:29:30 22/11/0023,37.733181,-122.43235,83.000,13.500,72.430,12.960,92.000,1.0000,0.0000,1020.5
16:29:30 22/11/0023,37.733181,-122.43235,83.000,13.500,72.430,12.960,92.000,1.0000,0.0000,1020.5
16:29:30 22/11/0023,37.733181,-122.43235,83.000,13.500,72.430,12.960,92.000,1.0000,0.0000,1020.5
16:29:30 22/11/0023,37.733181,-122.43235,83.000,13.500,72.430,12.960,92.000,1.0000,0.0000,1020.5
16:29:30 22/11/0023,37.733181,-122.43235,83.000,13.000,72.830,12.935,94.000,1.0000,0.0000,1020.5
16:29:30 22/11/0023,37.733181,-122.43235,83.000,13.000,72.830,12.935,94.000,1.0000,0.0000,1020.5
16:29:30 22/11/0023,37.733181,-122.43235,83.000,13.000,72.830,12.935,94.000,1.0000,0.0000,1020.5
16:29:30 22/11/0023,37.733181,-122.43235,83.000,13.000,72.830,12.935,94.000,1.0000,0.0000,1020.5
16:29:31 22/11/0023,37.733177,-122.43233,82.400,13.000,72.830,12.935,94.000,1.0000,0.0000,1020.5
16:29:31 22/11/0023,37.733177,-122.43233,82.400,13.000,72.830,12.935,94.000,1.0000,0.0000,1020.5
16:29:31 22/11/0023,37.733177,-122.43233,82.400,12.800,73.199,12.925,96.000,1.0000,0.0000,1020.5
16:29:31 22/11/0023,37.733177,-122.43233,82.400,12.800,73.199,12.925,96.000,1.0000,0.0000,1020.5
16:29:31 22/11/0023,37.733177,-122.43233,82.400,12.800,73.199,12.925,96.000,1.0000,0.0000,1020.5
16:29:31 22/11/0023,37.733177,-122.43233,82.400,12.800,73.199,12.925,96.000,1.0000,0.0000,1020.5
16:29:32 22/11/0023,37.733208,-122.43228,81.900,12.800,73.199,12.925,96.000,1.0000,0.0000,1020.5
16:29:32 22/11/0023,37.733208,-122.43228,81.900,12.800,73.199,12.925,96.000,1.0000,0.0000,1020.5
16:29:32 22/11/0023,37.733208,-122.43228,81.900,12.800,73.199,12.925,96.000,1.0000,0.0000,1020.5
16:29:32 22/11/0023,37.733208,-122.43228,81.900,12.800,73.199,12.925,96.000,1.0000,0.0000,1020.5
16:29:32 22/11/0023,37.733208,-122.43228,81.900,12.600,73.559,12.920,98.000,1.0000,0.0000,1020.5
16:29:32 22/11/0023,37.733208,-122.43228,81.900,12.600,73.559,12.920,98.000,1.0000,0.0000,1020.5
16:29:32 22/11/0023,37.733208,-122.43228,81.900,12.600,73.559,12.920,98.000,1.0000,0.0000,1020.5
16:29:32 22/11/0023,37.733208,-122.43228,81.900,12.600,73.559,12.920,98.000,1.0000,0.0000,1020.5
16:29:33 22/11/0023,37.733231,-122.43222,81.400,12.600,73.559,12.920,98.000,1.0000,0.0000,1020.5
16:29:33 22/11/0023,37.733231,-122.43222,81.400,12.600,73.559,12.920,98.000,1.0000,0.0000,1020.5
16:29:33 22/11/0023,37.733231,-122.43222,81.400,12.500,73.870,12.920,100.00,1.0000,0.0000,1020.5
16:29:33 22/11/0023,37.733231,-122.43222,81.400,12.500,73.870,12.920,100.00,1.0000,0.0000,1020.5
16:29:33 22/11/0023,37.733231,-122.43222,81.400,12.500,73.870,12.920,100.00,1.0000,0.0000,1020.5
16:29:33 22/11/0023,37.733231,-122.43222,81.400,12.500,73.870,12.920,100.00,1.0000,0.0000,1020.5
16:29:34 22/11/0023,37.733231,-122.43220,81.000,12.500,73.870,12.920,100.00,1.0000,0.0000,1020.4
16:29:34 22/11/0023,37.733231,-122.43220,81.000,12.500,73.870,12.920,100.00,1.0000,0.0000,1020.4
16:29:34 22/11/0023,37.733231,-122.43220,81.000,12.500,73.870,12.920,100.00,1.0000,0.0000,1020.5
16:29:34 22/11/0023,37.733231,-122.43220,81.000,12.500,73.870,12.920,100.00,1.0000,0.0000,1020.5
16:29:34 22/11/0023,37.733231,-122.43220,81.000,12.400,74.160,12.935,101.00,1.0000,0.0000,1020.5
16:29:34 22/11/0023,37.733231,-122.43220,81.000,12.400,74.160,12.935,101.00,1.0000,0.0000,1020.5
16:29:34 22/11/0023,37.733231,-122.43220,81.000,12.400,74.160,12.935,101.00,1.0000,0.0000,1020.5
16:29:34 22/11/0023,37.733231,-122.43220,81.000,12.400,74.160,12.935,101.00,1.0000,0.0000,1020.5
16:29:35 22/11/0023,37.733234,-122.43216,80.500,12.400,74.160,12.935,101.00,1.0000,0.0000,1020.5
16:29:35 22/11/0023,37.733234,-122.43216,80.500,12.400,74.160,12.935,101.00,1.0000,0.0000,1020.5
16:29:35 22/11/0023,37.733234,-122.43216,80.500,12.300,74.400,12.955,101.00,1.0000,0.0000,1020.5
16:29:35 22/11/0023,37.733234,-122.43216,80.500,12.300,74.400,12.955,101.00,1.0000,0.0000,1020.5
16:29:35 22/11/0023,37.733234,-122.43216,80.500,12.300,74.400,12.955,101.00,1.0000,0.0000,1020.5
16:29:35 22/11/0023,37.733234,-122.43216,80.500,12.300,74.400,12.955,101.00,1.0000,0.0000,1020.5
16:29:36 22/11/0023,37.733250,-122.43212,80.099,12.300,74.400,12.955,101.00,1.0000,0.0000,1020.5
16:29:36 22/11/0023,37.733250,-122.43212,80.099,12.300,74.400,12.955,101.00,1.0000,0.0000,1020.5
16:29:36 22/11/0023,37.733250,-122.43212,80.099,12.300,74.400,12.955,101.00,1.0000,0.0000,1020.5
16:29:36 22/11/0023,37.733250,-122.43212,80.099,12.300,74.400,12.955,101.00,1.0000,0.0000,1020.5
16:29:36 22/11/0023,37.733250,-122.43212,80.099,12.200,74.599,12.980,101.00,1.0000,0.0000,1020.5
16:29:36 22/11/0023,37.733250,-122.43212,80.099,12.200,74.599,12.980,101.00,1.0000,0.0000,1020.5
16:29:36 22/11/0023,37.733250,-122.43212,80.099,12.200,74.599,12.980,101.00,1.0000,0.0000,1020.5
16:29:36 22/11/0023,37.733250,-122.43212,80.099,12.200,74.599,12.980,101.00,1.0000,0.0000,1020.5
16:29:37 22/11/0023,37.733250,-122.43211,79.900,12.200,74.599,12.980,101.00,1.0000,0.0000,1020.5
16:29:37 22/11/0023,37.733250,-122.43211,79.900,12.200,74.599,12.980,101.00,1.0000,0.0000,1020.5
16:29:37 22/11/0023,37.733250,-122.43211,79.900,12.200,74.769,13.010,101.00,1.0000,0.0000,1020.5
16:29:37 22/11/0023,37.733250,-122.43211,79.900,12.200,74.769,13.010,101.00,1.0000,0.0000,1020.5
16:29:37 22/11/0023,37.733250,-122.43211,79.900,12.200,74.769,13.010,101.00,1.0000,0.0000,1020.5
16:29:37 22/11/0023,37.733250,-122.43211,79.900,12.200,74.769,13.010,101.00,1.0000,0.0000,1020.5
16:29:38 22/11/0023,37.733253,-122.43209,79.599,12.200,74.769,13.010,101.00,1.0000,0.0000,1020.4
16:29:38 22/11/0023,37.733253,-122.43209,79.599,12.200,74.769,13.010,101.00,1.0000,0.0000,1020.4
16:29:38 22/11/0023,37.733253,-122.43209,79.599,12.200,74.769,13.010,101.00,1.0000,0.0000,1020.5
16:29:38 22/11/0023,37.733253,-122.43209,79.599,12.200,74.769,13.010,101.00,1.0000,0.0000,1020.5
16:29:38 22/11/0023,37.733253,-122.43209,79.599,12.100,74.889,13.040,101.00,1.0000,0.0000,1020.4
16:29:38 22/11/0023,37.733253,-122.43209,79.599,12.100,74.889,13.040,101.00,1.0000,0.0000,1020.4
16:29:38 22/11/0023,37.733253,-122.43209,79.599,12.100,74.889,13.040,101.00,1.0000,0.0000,1020.4
16:29:38 22/11/0023,37.733253,-122.43209,79.599,12.100,74.889,13.040,101.00,1.0000,0.0000,1020.4
16:29:39 22/11/0023,37.733253,-122.43207,79.400,12.100,74.889,13.040,101.00,1.0000,0.0000,1020.3
16:29:39 22/11/0023,37.733253,-122.43207,79.400,12.100,74.889,13.040,101.00,1.0000,0.0000,1020.3
16:29:39 22/11/0023,37.733253,-122.43207,79.400,12.000,75.000,13.080,100.00,1.0000,0.0000,1020.3
16:29:39 22/11/0023,37.733253,-122.43207,79.400,12.000,75.000,13.080,100.00,1.0000,0.0000,1020.3
16:29:39 22/11/0023,37.733253,-122.43207,79.400,12.000,75.000,13.080,100.00,1.0000,0.0000,1020.2
16:29:39 22/11/0023,37.733253,-122.43207,79.400,12.000,75.000,13.080,100.00,1.0000,0.0000,1020.2
16:29:40 22/11/0023,37.733234,-122.43207,79.099,12.000,75.000,13.080,100.00,1.0000,0.0000,1020.3
16:29:40 22/11/0023,37.733234,-122.43207,79.099,12.000,75.000,13.080,100.00,1.0000,0.0000,1020.3
16:29:40 22/11/0023,37.733234,-122.43207,79.099,12.000,75.000,13.080,100.00,1.0000,0.0000,1020.2
16:29:40 22/11/0023,37.733234,-122.43207,79.099,12.000,75.000,13.080,100.00,1.0000,0.0000,1020.2
16:29:40 22/11/0023,37.733234,-122.43207,79.099,11.800,75.080,13.115,100.00,1.0000,0.0000,1020.3
16:29:40 22/11/0023,37.733234,-122.43207,79.099,11.800,75.080,13.115,100.00,1.0000,0.0000,1020.3
16:29:40 22/11/0023,37.733234,-122.43207,79.099,11.800,75.080,13.115,100.00,1.0000,0.0000,1020.3
16:29:40 22/11/0023,37.733234,-122.43207,79.099,11.800,75.080,13.115,100.00,1.0000,0.0000,1020.3
16:29:41 22/11/0023,37.733231,-122.43207,78.900,11.800,75.080,13.115,100.00,1.0000,0.0000,1020.3
16:29:41 22/11/0023,37.733231,-122.43207,78.900,11.800,75.080,13.115,100.00,1.0000,0.0000,1020.3
16:29:41 22/11/0023,37.733231,-122.43207,78.900,11.600,75.139,13.160,99.000,1.0000,0.0000,1020.3
16:29:41 22/11/0023,37.733231,-122.43207,78.900,11.600,75.139,13.160,99.000,1.0000,0.0000,1020.3
16:29:41 22/11/0023,37.733231,-122.43207,78.900,11.600,75.139,13.160,99.000,1.0000,0.0000,1020.3
16:29:41 22/11/0023,37.733231,-122.43207,78.900,11.600,75.139,13.160,99.000,1.0000,0.0000,1020.3
16:29:42 22/11/0023,37.733219,-122.43206,78.599,11.600,75.139,13.160,99.000,1.0000,0.0000,1020.3
16:29:42 22/11/0023,37.733219,-122.43206,78.599,11.600,75.139,13.160,99.000,1.0000,0.0000,1020.3
16:29:42 22/11/0023,37.733219,-122.43206,78.599,11.600,75.139,13.160,99.000,1.0000,0.0000,1020.4
16:29:42 22/11/0023,37.733219,-122.43206,78.599,11.600,75.139,13.160,99.000,1.0000,0.0000,1020.4
16:29:42 22/11/0023,37.733219,-122.43206,78.599,11.400,75.160,13.205,98.000,1.0000,0.0000,1020.4
16:29:42 22/11/0023,37.733219,-122.43206,78.599,11.400,75.160,13.205,98.000,1.0000,0.0000,1020.4
16:29:42 22/11/0023,37.733219,-122.43206,78.599,11.400,75.160,13.205,98.000,1.0000,0.0000,1020.4
16:29:42 22/11/0023,37.733219,-122.43206,78.599,11.400,75.160,13.205,98.000,1.0000,0.0000,1020.4
16:29:43 22/11/0023,37.733223,-122.43203,78.199,11.400,75.160,13.205,98.000,1.0000,0.0000,1020.4
16:29:43 22/11/0023,37.733223,-122.43203,78.199,11.400,75.160,13.205,98.000,1.0000,0.0000,1020.4
16:29:43 22/11/0023,37.733223,-122.43203,78.199,11.300,75.180,13.255,97.000,1.0000,0.0000,1020.3
16:29:43 22/11/0023,37.733223,-122.43203,78.199,11.300,75.180,13.255,97.000,1.0000,0.0000,1020.3
16:29:43 22/11/0023,37.733223,-122.43203,78.199,11.300,75.180,13.255,97.000,1.0000,0.0000,1020.3
16:29:43 22/11/0023,37.733223,-122.43203,78.199,11.300,75.180,13.255,97.000,1.0000,0.0000,1020.3
16:29:44 22/11/0023,37.733223,-122.43203,78.199,11.300,75.180,13.255,97.000,1.0000,0.0000,1020.4
16:29:44 22/11/0023,37.733223,-122.43203,78.199,11.300,75.180,13.255,97.000,1.0000,0.0000,1020.4
16:29:44 22/11/0023,37.733223,-122.43203,78.199,11.300,75.180,13.255,97.000,1.0000,0.0000,1020.6
16:29:44 22/11/0023,37.733223,-122.43203,78.199,11.300,75.180,13.255,97.000,1.0000,0.0000,1020.6
16:29:44 22/11/0023,37.733223,-122.43203,78.199,11.100,75.190,13.310,97.000,1.0000,0.0000,1020.5
16:29:44 22/11/0023,37.733223,-122.43203,78.199,11.100,75.190,13.310,97.000,1.0000,0.0000,1020.5
16:29:44 22/11/0023,37.733223,-122.43203,78.199,11.100,75.190,13.310,97.000,1.0000,0.0000,1020.5
16:29:44 22/11/0023,37.733223,-122.43203,78.199,11.100,75.190,13.310,97.000,1.0000,0.0000,1020.5
16:29:45 22/11/0023,37.733223,-122.43203,78.199,11.100,75.190,13.310,97.000,1.0000,0.0000,1020.5
16:29:45 22/11/0023,37.733223,-122.43203,78.199,11.100,75.190,13.310,97.000,1.0000,0.0000,1020.5
16:29:45 22/11/0023,37.733223,-122.43203,78.199,11.000,75.190,13.365,96.000,1.0000,0.0000,1020.5
16:29:45 22/11/0023,37.733223,-122.43203,78.199,11.000,75.190,13.365,96.000,1.0000,0.0000,1020.5
16:29:45 22/11/0023,37.733223,-122.43203,78.199,11.000,75.190,13.365,96.000,1.0000,0.0000,1020.4
16:29:45 22/11/0023,37.733223,-122.43203,78.199,11.000,75.190,13.365,96.000,1.0000,0.0000,1020.4
16:29:46 22/11/0023,37.733223,-122.43203,78.199,11.000,75.190,13.365,96.000,1.0000,0.0000,1020.4
16:29:46 22/11/0023,37.733223,-122.43203,78.199,11.000,75.190,13.365,96.000,1.0000,0.0000,1020.4
16:29:46 22/11/0023,37.733223,-122.43203,78.199,11.000,75.190,13.365,96.000,1.0000,0.0000,1020.4
16:29:46 22/11/0023,37.733223,-122.43203,78.199,11.000,75.190,13.365,96.000,1.0000,0.0000,1020.4
16:29:46 22/11/0023,37.733223,-122.43203,78.199,10.800,75.190,13.425,95.000,1.0000,0.0000,1020.5
16:29:46 22/11/0023,37.733223,-122.43203,78.199,10.800,75.190,13.425,95.000,1.0000,0.0000,1020.5
16:29:46 22/11/0023,37.733223,-122.43203,78.199,10.800,75.190,13.425,95.000,1.0000,0.0000,1020.5
16:29:46 22/11/0023,37.733223,-122.43203,78.199,10.800,75.190,13.425,95.000,1.0000,0.0000,1020.5
16:29:47 22/11/0023,37.733223,-122.43203,78.199,10.800,75.190,13.425,95.000,1.0000,0.0000,1020.5
16:29:47 22/11/0023,37.733223,-122.43203,78.199,10.800,75.190,13.425,95.000,1.0000,0.0000,1020.5
16:29:47 22/11/0023,37.733223,-122.43203,78.199,10.700,75.230,13.485,94.000,1.0000,0.0000,1020.5
16:29:47 22/11/0023,37.733223,-122.43203,78.199,10.700,75.230,13.485,94.000,1.0000,0.0000,1020.5
16:29:47 22/11/0023,37.733223,-122.43203,78.199,10.700,75.230,13.485,94.000,1.0000,0.0000,1020.4
16:29:47 22/11/0023,37.733223,-122.43203,78.199,10.700,75.230,13.485,94.000,1.0000,0.0000,1020.4
16:29:48 22/11/0023,37.733223,-122.43203,78.199,10.700,75.230,13.485,94.000,1.0000,0.0000,1020.4
16:29:48 22/11/0023,37.733223,-122.43203,78.199,10.700,75.230,13.485,94.000,1.0000,0.0000,1020.4
16:29:48 22/11/0023,37.733223,-122.43203,78.199,10.700,75.230,13.485,94.000,1.0000,0.0000,1020.4
16:29:48 22/11/0023,37.733223,-122.43203,78.199,10.700,75.230,13.485,94.000,1.0000,0.0000,1020.4
16:29:48 22/11/0023,37.733223,-122.43203,78.199,10.600,75.260,13.545,93.000,1.0000,0.0000,1020.3
16:29:48 22/11/0023,37.733223,-122.43203,78.199,10.600,75.260,13.545,93.000,1.0000,0.0000,1020.3
16:29:48 22/11/0023,37.733223,-122.43203,78.199,10.600,75.260,13.545,93.000,1.0000,0.0000,1020.3
16:29:48 22/11/0023,37.733223,-122.43203,78.199,10.600,75.260,13.545,93.000,1.0000,0.0000,1020.3
16:29:49 22/11/0023,37.733223,-122.43203,78.199,10.600,75.260,13.545,93.000,1.0000,0.0000,1020.3
16:29:49 22/11/0023,37.733223,-122.43203,78.199,10.600,75.260,13.545,93.000,1.0000,0.0000,1020.3
16:29:49 22/11/0023,37.733223,-122.43203,78.199,10.600,75.309,13.610,92.000,1.0000,0.0000,1020.4
16:29:49 22/11/0023,37.733223,-122.43203,78.199,10.600,75.309,13.610,92.000,1.0000,0.0000,1020.4
16:29:49 22/11/0023,37.733223,-122.43203,78.199,10.600,75.309,13.610,92.000,1.0000,0.0000,1020.3
16:29:49 22/11/0023,37.733223,-122.43203,78.199,10.600,75.309,13.610,92.000,1.0000,0.0000,1020.3
16:29:50 22/11/0023,37.733223,-122.43203,78.199,10.600,75.309,13.610,92.000,1.0000,0.0000,1020.3
16:29:50 22/11/0023,37.733223,-122.43203,78.199,10.600,75.309,13.610,92.000,1.0000,0.0000,1020.3
16:29:50 22/11/0023,37.733223,-122.43203,78.199,10.600,75.309,13.610,92.000,1.0000,0.0000,1020.3
16:29:50 22/11/0023,37.733223,-122.43203,78.199,10.600,75.309,13.610,92.000,1.0000,0.0000,1020.3
16:29:50 22/11/0023,37.733223,-122.43203,78.199,10.500,75.349,13.670,92.000,1.0000,0.0000,1020.3
16:29:50 22/11/0023,37.733223,-122.43203,78.199,10.500,75.349,13.670,92.000,1.0000,0.0000,1020.3
16:29:50 22/11/0023,37.733223,-122.43203,78.199,10.500,75.349,13.670,92.000,1.0000,0.0000,1020.3
16:29:50 22/11/0023,37.733223,-122.43203,78.199,10.500,75.349,13.670,92.000,1.0000,0.0000,1020.3
16:29:51 22/11/0023,37.733223,-122.43203,78.199,10.500,75.349,13.670,92.000,1.0000,0.0000,1020.3
16:29:51 22/11/0023,37.733223,-122.43203,78.199,10.500,75.349,13.670,92.000,1.0000,0.0000,1020.3
16:29:51 22/11/0023,37.733223,-122.43203,78.199,10.500,75.410,13.730,91.000,1.0000,0.0000,1020.3
16:29:51 22/11/0023,37.733223,-122.43203,78.199,10.500,75.410,13.730,91.000,1.0000,0.0000,1020.3
16:29:51 22/11/0023,37.733223,-122.43203,78.199,10.500,75.410,13.730,91.000,1.0000,0.0000,1020.3
16:29:51 22/11/0023,37.733223,-122.43203,78.199,10.500,75.410,13.730,91.000,1.0000,0.0000,1020.3
16:29:52 22/11/0023,37.733223,-122.43203,78.199,10.500,75.410,13.730,91.000,1.0000,0.0000,1020.3
16:29:52 22/11/0023,37.733223,-122.43203,78.199,10.500,75.410,13.730,91.000,1.0000,0.0000,1020.3
16:29:52 22/11/0023,37.733223,-122.43203,78.199,10.500,75.410,13.730,91.000,1.0000,0.0000,1020.2
16:29:52 22/11/0023,37.733223,-122.43203,78.199,10.500,75.410,13.730,91.000,1.0000,0.0000,1020.2
16:29:52 22/11/0023,37.733223,-122.43203,78.199,10.500,75.459,13.790,91.000,1.0000,0.0000,1020.3
16:29:52 22/11/0023,37.733223,-122.43203,78.199,10.500,75.459,13.790,91.000,1.0000,0.0000,1020.3
16:29:52 22/11/0023,37.733223,-122.43203,78.199,10.500,75.459,13.790,91.000,1.0000,0.0000,1020.3
16:29:52 22/11/0023,37.733223,-122.43203,78.199,10.500,75.459,13.790,91.000,1.0000,0.0000,1020.3
16:29:53 22/11/0023,37.733223,-122.43203,78.199,10.500,75.459,13.790,91.000,1.0000,0.0000,1020.2
16:29:53 22/11/0023,37.733223,-122.43203,78.199,10.500,75.459,13.790,91.000,1.0000,0.0000,1020.2
16:29:53 22/11/0023,37.733223,-122.43203,78.199,10.400,75.529,13.850,91.000,1.0000,0.0000,1020.2
16:29:53 22/11/0023,37.733223,-122.43203,78.199,10.400,75.529,13.850,91.000,1.0000,0.0000,1020.2
16:29:53 22/11/0023,37.733223,-122.43203,78.199,10.400,75.529,13.850,91.000,1.0000,0.0000,1020.2
16:29:53 22/11/0023,37.733223,-122.43203,78.199,10.400,75.529,13.850,91.000,1.0000,0.0000,1020.2
16:29:54 22/11/0023,37.733223,-122.43203,78.199,10.400,75.529,13.850,91.000,1.0000,0.0000,1020.2
16:29:54 22/11/0023,37.733223,-122.43203,78.199,10.400,75.529,13.850,91.000,1.0000,0.0000,1020.2
16:29:54 22/11/0023,37.733223,-122.43203,78.199,10.400,75.529,13.850,91.000,1.0000,0.0000,1020.2
16:29:54 22/11/0023,37.733223,-122.43203,78.199,10.400,75.529,13.850,91.000,1.0000,0.0000,1020.2
16:29:54 22/11/0023,37.733223,-122.43203,78.199,10.300,75.589,13.910,91.000,1.0000,0.0000,1020.2
16:29:54 22/11/0023,37.733223,-122.43203,78.199,10.300,75.589,13.910,91.000,1.0000,0.0000,1020.2
16:29:55 22/11/0023,37.733223,-122.43203,78.199,10.300,75.589,13.910,91.000,1.0000,0.0000,1020.3
16:29:55 22/11/0023,37.733223,-122.43203,78.199,10.300,75.589,13.910,91.000,1.0000,0.0000,1020.3
16:29:55 22/11/0023,37.733223,-122.43203,78.199,10.300,75.589,13.910,91.000,1.0000,0.0000,1020.2
16:29:55 22/11/0023,37.733223,-122.43203,78.199,10.300,75.589,13.910,91.000,1.0000,0.0000,1020.2
16:29:55 22/11/0023,37.733223,-122.43203,78.199,10.300,75.650,13.965,91.000,1.0000,0.0000,1020.1
16:29:55 22/11/0023,37.733223,-122.43203,78.199,10.300,75.650,13.965,91.000,1.0000,0.0000,1020.1
16:29:55 22/11/0023,37.733223,-122.43203,78.199,10.300,75.650,13.965,91.000,1.0000,0.0000,1020.1
16:29:55 22/11/0023,37.733223,-122.43203,78.199,10.300,75.650,13.965,91.000,1.0000,0.0000,1020.1
16:29:56 22/11/0023,37.733223,-122.43203,78.199,10.300,75.650,13.965,91.000,1.0000,0.0000,1020.2
16:29:56 22/11/0023,37.733223,-122.43203,78.199,10.300,75.650,13.965,91.000,1.0000,0.0000,1020.2
16:29:56 22/11/0023,37.733223,-122.43203,78.199,10.300,75.650,13.965,91.000,1.0000,0.0000,1020.1
16:29:56 22/11/0023,37.733223,-122.43203,78.199,10.300,75.650,13.965,91.000,1.0000,0.0000,1020.1
16:29:56 22/11/0023,37.733223,-122.43203,78.199,10.200,75.699,14.025,90.000,1.0000,0.0000,1020.2
16:29:56 22/11/0023,37.733223,-122.43203,78.199,10.200,75.699,14.025,90.000,1.0000,0.0000,1020.2
16:29:57 22/11/0023,37.733223,-122.43203,78.199,10.200,75.699,14.025,90.000,1.0000,0.0000,1020.2
16:29:57 22/11/0023,37.733223,-122.43203,78.199,10.200,75.699,14.025,90.000,1.0000,0.0000,1020.2
16:29:57 22/11/0023,37.733223,-122.43203,78.199,10.200,75.699,14.025,90.000,1.0000,0.0000,1020.4
16:29:57 22/11/0023,37.733223,-122.43203,78.199,10.200,75.699,14.025,90.000,1.0000,0.0000,1020.4
16:29:57 22/11/0023,37.733223,-122.43203,78.199,10.100,75.720,14.075,90.000,1.0000,0.0000,1020.4
16:29:57 22/11/0023,37.733223,-122.43203,78.199,10.100,75.720,14.075,90.000,1.0000,0.0000,1020.4
16:29:57 22/11/0023,37.733223,-122.43203,78.199,10.100,75.720,14.075,90.000,1.0000,0.0000,1020.4
16:29:57 22/11/0023,37.733223,-122.43203,78.199,10.100,75.720,14.075,90.000,1.0000,0.0000,1020.4
16:29:58 22/11/0023,37.733223,-122.43203,78.199,10.100,75.720,14.075,90.000,1.0000,0.0000,1020.4
16:29:58 22/11/0023,37.733223,-122.43203,78.199,10.100,75.720,14.075,90.000,1.0000,0.0000,1020.4
16:29:58 22/11/0023,37.733223,-122.43203,78.199,10.100,75.720,14.075,90.000,1.0000,0.0000,1020.3
16:29:58 22/11/0023,37.733223,-122.43203,78.199,10.100,75.720,14.075,90.000,1.0000,0.0000,1020.3
16:29:58 22/11/0023,37.733223,-122.43203,78.199,10.100,75.730,14.125,89.000,1.0000,0.0000,1020.3
16:29:58 22/11/0023,37.733223,-122.43203,78.199,10.100,75.730,14.125,89.000,1.0000,0.0000,1020.3
16:29:59 22/11/0023,37.733223,-122.43203,78.199,10.100,75.730,14.125,89.000,1.0000,0.0000,1020.2
16:29:59 22/11/0023,37.733223,-122.43203,78.199,10.100,75.730,14.125,89.000,1.0000,0.0000,1020.2
16:29:59 22/11/0023,37.733223,-122.43203,78.199,10.100,75.730,14.125,89.000,1.0000,0.0000,1020.1
16:29:59 22/11/0023,37.733223,-122.43203,78.199,10.100,75.730,14.125,89.000,1.0000,0.0000,1020.1
16:29:59 22/11/0023,37.733223,-122.43203,78.199,10.000,75.730,14.170,89.000,1.0000,0.0000,1020.0
16:29:59 22/11/0023,37.733223,-122.43203,78.199,10.000,75.730,14.170,89.000,1.0000,0.0000,1020.0
16:29:59 22/11/0023,37.733223,-122.43203,78.199,10.000,75.730,14.170,89.000,1.0000,0.0000,1019.8
16:29:59 22/11/0023,37.733223,-122.43203,78.199,10.000,75.730,14.170,89.000,1.0000,0.0000,1019.8
16:30:00 22/11/0023,37.733223,-122.43203,78.199,10.000,75.730,14.170,89.000,1.0000,0.0000,1020.0
16:30:00 22/11/0023,37.733223,-122.43203,78.199,10.000,75.730,14.170,89.000,1.0000,0.0000,1020.0
16:30:00 22/11/0023,37.733223,-122.43203,78.199,10.000,75.730,14.170,89.000,1.0000,0.0000,1020.1
16:30:00 22/11/0023,37.733223,-122.43203,78.199,10.000,75.730,14.170,89.000,1.0000,0.0000,1020.1
16:30:00 22/11/0023,37.733223,-122.43203,78.199,9.9000,75.699,14.210,90.000,1.0000,0.0000,1020.1
16:30:00 22/11/0023,37.733223,-122.43203,78.199,9.9000,75.699,14.210,90.000,1.0000,0.0000,1020.1
16:30:01 22/11/0023,37.733223,-122.43203,78.199,9.9000,75.699,14.210,90.000,1.0000,0.0000,1020.1
16:30:01 22/11/0023,37.733223,-122.43203,78.199,9.9000,75.699,14.210,90.000,1.0000,0.0000,1020.1
16:30:01 22/11/0023,37.733223,-122.43203,78.199,9.9000,75.699,14.210,90.000,1.0000,0.0000,1020.1
16:30:01 22/11/0023,37.733223,-122.43203,78.199,9.9000,75.699,14.210,90.000,1.0000,0.0000,1020.1
16:30:01 22/11/0023,37.733223,-122.43203,78.199,9.9000,75.699,14.210,90.000,1.0000,0.0000,1020.2
16:30:01 22/11/0023,37.733223,-122.43203,78.199,9.9000,75.699,14.210,90.000,1.0000,0.0000,1020.2
16:30:01 22/11/0023,37.733223,-122.43203,78.199,9.7000,75.660,14.250,90.000,1.0000,0.0000,1020.2
16:30:01 22/11/0023,37.733223,-122.43203,78.199,9.7000,75.660,14.250,90.000,1.0000,0.0000,1020.2
16:30:02 22/11/0023,37.733223,-122.43203,78.199,9.7000,75.660,14.250,90.000,1.0000,0.0000,1020.3
16:30:02 22/11/0023,37.733223,-122.43203,78.199,9.7000,75.660,14.250,90.000,1.0000,0.0000,1020.3
16:30:02 22/11/0023,37.733223,-122.43203,78.199,9.7000,75.660,14.250,90.000,1.0000,0.0000,1020.1
16:30:02 22/11/0023,37.733223,-122.43203,78.199,9.7000,75.660,14.250,90.000,1.0000,0.0000,1020.1
16:30:02 22/11/0023,37.733223,-122.43203,78.199,9.7000,75.610,14.285,90.000,1.0000,0.0000,1020.1
16:30:02 22/11/0023,37.733223,-122.43203,78.199,9.7000,75.610,14.285,90.000,1.0000,0.0000,1020.1
16:30:03 22/11/0023,37.733223,-122.43203,78.199,9.7000,75.610,14.285,90.000,1.0000,0.0000,1020.3
16:30:03 22/11/0023,37.733223,-122.43203,78.199,9.7000,75.610,14.285,90.000,1.0000,0.0000,1020.3
16:30:03 22/11/0023,37.733223,-122.43203,78.199,9.7000,75.610,14.285,90.000,1.0000,0.0000,1020.3
16:30:03 22/11/0023,37.733223,-122.43203,78.199,9.7000,75.610,14.285,90.000,1.0000,0.0000,1020.3
16:30:03 22/11/0023,37.733223,-122.43203,78.199,9.7000,75.610,14.285,90.000,1.0000,0.0000,1020.5
16:30:03 22/11/0023,37.733223,-122.43203,78.199,9.7000,75.610,14.285,90.000,1.0000,0.0000,1020.5
16:30:03 22/11/0023,37.733223,-122.43203,78.199,9.6000,75.519,14.320,90.000,1.0000,0.0000,1020.3
16:30:03 22/11/0023,37.733223,-122.43203,78.199,9.6000,75.519,14.320,90.000,1.0000,0.0000,1020.3
16:30:04 22/11/0023,37.733223,-122.43203,78.199,9.6000,75.519,14.320,90.000,1.0000,0.0000,1020.3
16:30:04 22/11/0023,37.733223,-122.43203,78.199,9.6000,75.519,14.320,90.000,1.0000,0.0000,1020.3
16:30:04 22/11/0023,37.733223,-122.43203,78.199,9.6000,75.519,14.320,90.000,1.0000,0.0000,1020.3
16:30:04 22/11/0023,37.733223,-122.43203,78.199,9.6000,75.519,14.320,90.000,1.0000,0.0000,1020.3
16:30:04 22/11/0023,37.733223,-122.43203,78.199,9.5000,75.419,14.350,90.000,1.0000,0.0000,1020.3
16:30:04 22/11/0023,37.733223,-122.43203,78.199,9.5000,75.419,14.350,90.000,1.0000,0.0000,1020.3
16:30:05 22/11/0023,37.733223,-122.43203,78.199,9.5000,75.419,14.350,90.000,1.0000,0.0000,1020.2
16:30:05 22/11/0023,37.733223,-122.43203,78.199,9.5000,75.419,14.350,90.000,1.0000,0.0000,1020.2
16:30:05 22/11/0023,37.733223,-122.43203,78.199,9.5000,75.419,14.350,90.000,1.0000,0.0000,1020.3
16:30:05 22/11/0023,37.733223,-122.43203,78.199,9.5000,75.419,14.350,90.000,1.0000,0.0000,1020.3
16:30:05 22/11/0023,37.733223,-122.43203,78.199,9.5000,75.419,14.350,90.000,1.0000,0.0000,1020.3
16:30:05 22/11/0023,37.733223,-122.43203,78.199,9.5000,75.419,14.350,90.000,1.0000,0.0000,1020.3
16:30:05 22/11/0023,37.733223,-122.43203,78.199,9.5000,75.300,14.380,91.000,1.0000,0.0000,1020.3
16:30:05 22/11/0023,37.733223,-122.43203,78.199,9.5000,75.300,14.380,91.000,1.0000,0.0000,1020.3
16:30:06 22/11/0023,37.733223,-122.43203,78.199,9.5000,75.300,14.380,91.000,1.0000,0.0000,1020.3
16:30:06 22/11/0023,37.733223,-122.43203,78.199,9.5000,75.300,14.380,91.000,1.0000,0.0000,1020.3
16:30:06 22/11/0023,37.733223,-122.43203,78.199,9.5000,75.300,14.380,91.000,1.0000,0.0000,1020.3
16:30:06 22/11/0023,37.733223,-122.43203,78.199,9.5000,75.300,14.380,91.000,1.0000,0.0000,1020.3
16:30:06 22/11/0023,37.733223,-122.43203,78.199,9.4000,75.209,14.405,91.000,1.0000,0.0000,1020.3
16:30:06 22/11/0023,37.733223,-122.43203,78.199,9.4000,75.209,14.405,91.000,1.0000,0.0000,1020.3
16:30:07 22/11/0023,37.733223,-122.43203,78.199,9.4000,75.209,14.405,91.000,1.0000,0.0000,1020.3
16:30:07 22/11/0023,37.733223,-122.43203,78.199,9.4000,75.209,14.405,91.000,1.0000,0.0000,1020.3
16:30:07 22/11/0023,37.733223,-122.43203,78.199,9.4000,75.209,14.405,91.000,1.0000,0.0000,1020.2
16:30:07 22/11/0023,37.733223,-122.43203,78.199,9.4000,75.209,14.405,91.000,1.0000,0.0000,1020.2
16:30:07 22/11/0023,37.733223,-122.43203,78.199,9.4000,75.209,14.405,91.000,1.0000,0.0000,1020.3
16:30:07 22/11/0023,37.733223,-122.43203,78.199,9.4000,75.209,14.405,91.000,1.0000,0.0000,1020.3
16:30:07 22/11/0023,37.733223,-122.43203,78.199,9.4000,75.129,14.425,91.000,1.0000,0.0000,1020.2
16:30:07 22/11/0023,37.733223,-122.43203,78.199,9.4000,75.129,14.425,91.000,1.0000,0.0000,1020.2
16:30:08 22/11/0023,37.733223,-122.43203,78.199,9.4000,75.129,14.425,91.000,1.0000,0.0000,1020.2
16:30:08 22/11/0023,37.733223,-122.43203,78.199,9.4000,75.129,14.425,91.000,1.0000,0.0000,1020.2
16:30:08 22/11/0023,37.733223,-122.43203,78.199,9.4000,75.129,14.425,91.000,1.0000,0.0000,1020.2
16:30:08 22/11/0023,37.733223,-122.43203,78.199,9.4000,75.129,14.425,91.000,1.0000,0.0000,1020.2
16:30:08 22/11/0023,37.733223,-122.43203,78.199,9.4000,75.089,14.450,92.000,1.0000,0.0000,1020.2
16:30:08 22/11/0023,37.733223,-122.43203,78.199,9.4000,75.089,14.450,92.000,1.0000,0.0000,1020.2
16:30:09 22/11/0023,37.733223,-122.43203,78.199,9.4000,75.089,14.450,92.000,1.0000,0.0000,1020.2
16:30:09 22/11/0023,37.733223,-122.43203,78.199,9.4000,75.089,14.450,92.000,1.0000,0.0000,1020.2
16:30:09 22/11/0023,37.733223,-122.43203,78.199,9.4000,75.089,14.450,92.000,1.0000,0.0000,1020.2
16:30:09 22/11/0023,37.733223,-122.43203,78.199,9.4000,75.089,14.450,92.000,1.0000,0.0000,1020.2
16:30:09 22/11/0023,37.733223,-122.43203,78.199,9.4000,75.089,14.450,92.000,1.0000,0.0000,1020.3
16:30:09 22/11/0023,37.733223,-122.43203,78.199,9.4000,75.089,14.450,92.000,1.0000,0.0000,1020.3
16:30:09 22/11/0023,37.733223,-122.43203,78.199,9.4000,75.070,14.465,93.000,1.0000,0.0000,1020.3
16:30:09 22/11/0023,37.733223,-122.43203,78.199,9.4000,75.070,14.465,93.000,1.0000,0.0000,1020.3
16:30:10 22/11/0023,37.733223,-122.43203,78.199,9.4000,75.070,14.465,93.000,1.0000,0.0000,1020.3
16:30:10 22/11/0023,37.733223,-122.43203,78.199,9.4000,75.070,14.465,93.000,1.0000,0.0000,1020.3
16:30:10 22/11/0023,37.733223,-122.43203,78.199,9.4000,75.070,14.465,93.000,1.0000,0.0000,1020.3
16:30:10 22/11/0023,37.733223,-122.43203,78.199,9.4000,75.070,14.465,93.000,1.0000,0.0000,1020.3
16:30:10 22/11/0023,37.733223,-122.43203,78.199,9.4000,75.040,14.485,93.000,1.0000,0.0000,1020.2
16:30:10 22/11/0023,37.733223,-122.43203,78.199,9.4000,75.040,14.485,93.000,1.0000,0.0000,1020.2
16:30:11 22/11/0023,37.733223,-122.43203,78.199,9.4000,75.040,14.485,93.000,1.0000,0.0000,1020.3
16:30:11 22/11/0023,37.733223,-122.43203,78.199,9.4000,75.040,14.485,93.000,1.0000,0.0000,1020.3
16:30:11 22/11/0023,37.733223,-122.43203,78.199,9.4000,75.040,14.485,93.000,1.0000,0.0000,1020.3
16:30:11 22/11/0023,37.733223,-122.43203,78.199,9.4000,75.040,14.485,93.000,1.0000,0.0000,1020.3
16:30:11 22/11/0023,37.733223,-122.43203,78.199,9.4000,75.040,14.485,93.000,1.0000,0.0000,1020.3
16:30:11 22/11/0023,37.733223,-122.43203,78.199,9.4000,75.040,14.485,93.000,1.0000,0.0000,1020.3
16:30:11 22/11/0023,37.733223,-122.43203,78.199,9.3000,75.000,14.500,93.000,1.0000,0.0000,1020.3
16:30:11 22/11/0023,37.733223,-122.43203,78.199,9.3000,75.000,14.500,93.000,1.0000,0.0000,1020.3
16:30:12 22/11/0023,37.733223,-122.43203,78.199,9.3000,75.000,14.500,93.000,1.0000,0.0000,1020.3
16:30:12 22/11/0023,37.733223,-122.43203,78.199,9.3000,75.000,14.500,93.000,1.0000,0.0000,1020.3
16:30:12 22/11/0023,37.733223,-122.43203,78.199,9.3000,75.000,14.500,93.000,1.0000,0.0000,1020.2
16:30:12 22/11/0023,37.733223,-122.43203,78.199,9.3000,75.000,14.500,93.000,1.0000,0.0000,1020.2
16:30:12 22/11/0023,37.733223,-122.43203,78.199,9.2000,74.949,14.515,93.000,1.0000,0.0000,1020.3
16:30:12 22/11/0023,37.733223,-122.43203,78.199,9.2000,74.949,14.515,93.000,1.0000,0.0000,1020.3
16:30:13 22/11/0023,37.733223,-122.43203,78.199,9.2000,74.949,14.515,93.000,1.0000,0.0000,1020.2
16:30:13 22/11/0023,37.733223,-122.43203,78.199,9.2000,74.949,14.515,93.000,1.0000,0.0000,1020.2
16:30:13 22/11/0023,37.733223,-122.43203,78.199,9.2000,74.949,14.515,93.000,1.0000,0.0000,1020.3
16:30:13 22/11/0023,37.733223,-122.43203,78.199,9.2000,74.949,14.515,93.000,1.0000,0.0000,1020.3
16:30:13 22/11/0023,37.733223,-122.43203,78.199,9.2000,74.949,14.515,93.000,1.0000,0.0000,1020.4
16:30:13 22/11/0023,37.733223,-122.43203,78.199,9.2000,74.949,14.515,93.000,1.0000,0.0000,1020.4
16:30:13 22/11/0023,37.733223,-122.43203,78.199,9.2000,74.889,14.530,93.000,1.0000,0.0000,1020.4
16:30:13 22/11/0023,37.733223,-122.43203,78.199,9.2000,74.889,14.530,93.000,1.0000,0.0000,1020.4
16:30:14 22/11/0023,37.733223,-122.43203,78.199,9.2000,74.889,14.530,93.000,1.0000,0.0000,1020.4
16:30:14 22/11/0023,37.733223,-122.43203,78.199,9.2000,74.889,14.530,93.000,1.0000,0.0000,1020.4
16:30:14 22/11/0023,37.733223,-122.43203,78.199,9.2000,74.889,14.530,93.000,1.0000,0.0000,1020.4
16:30:14 22/11/0023,37.733223,-122.43203,78.199,9.2000,74.889,14.530,93.000,1.0000,0.0000,1020.4
16:30:14 22/11/0023,37.733223,-122.43203,78.199,9.2000,74.820,14.540,93.000,1.0000,0.0000,1020.3
16:30:14 22/11/0023,37.733223,-122.43203,78.199,9.2000,74.820,14.540,93.000,1.0000,0.0000,1020.3
16:30:15 22/11/0023,37.733223,-122.43203,78.199,9.2000,74.820,14.540,93.000,1.0000,0.0000,1020.3
16:30:15 22/11/0023,37.733223,-122.43203,78.199,9.2000,74.820,14.540,93.000,1.0000,0.0000,1020.3
16:30:15 22/11/0023,37.733223,-122.43203,78.199,9.2000,74.820,14.540,93.000,1.0000,0.0000,1020.3
16:30:15 22/11/0023,37.733223,-122.43203,78.199,9.2000,74.820,14.540,93.000,1.0000,0.0000,1020.3
16:30:15 22/11/0023,37.733223,-122.43203,78.199,9.2000,74.820,14.540,93.000,1.0000,0.0000,1020.3
16:30:15 22/11/0023,37.733223,-122.43203,78.199,9.2000,74.820,14.540,93.000,1.0000,0.0000,1020.3
16:30:15 22/11/0023,37.733223,-122.43203,78.199,9.2000,74.760,14.550,93.000,1.0000,0.0000,1020.4
16:30:15 22/11/0023,37.733223,-122.43203,78.199,9.2000,74.760,14.550,93.000,1.0000,0.0000,1020.4
16:30:16 22/11/0023,37.733223,-122.43203,78.199,9.2000,74.760,14.550,93.000,1.0000,0.0000,1020.4
16:30:16 22/11/0023,37.733223,-122.43203,78.199,9.2000,74.760,14.550,93.000,1.0000,0.0000,1020.4
16:30:16 22/11/0023,37.733223,-122.43203,78.199,9.2000,74.760,14.550,93.000,1.0000,0.0000,1020.3
16:30:16 22/11/0023,37.733223,-122.43203,78.199,9.2000,74.760,14.550,93.000,1.0000,0.0000,1020.3
16:30:16 22/11/0023,37.733223,-122.43203,78.199,9.2000,74.690,14.560,92.000,1.0000,0.0000,1020.3
16:30:16 22/11/0023,37.733223,-122.43203,78.199,9.2000,74.690,14.560,92.000,1.0000,0.0000,1020.3
